0 1
0 2
0 3
0 4
0 5
0 6
0 7
0 8
0 9
0 10
0 11
0 12
0 13
0 14
0 15
0 16
0 17
0 18
0 19
0 20
0 21
0 22
0 23
0 24
0 25
0 26
0 27
0 28
0 29
0 30
0 31
0 32
0 33
0 34
0 35
0.2 1
0.2 2
0.2 3
0.2 4
0.2 5
0.2 6
0.2 7
0.2 8
0.2 9
0.2 10
0.2 11
0.2 12
0.2 13
0.2 14
0.2 15
0.2 16
0.2 17
0.2 18
0.2 19
0.2 20
0.2 21
0.2 22
0.2 23
0.2 24
0.2 25
0.2 26
0.2 27
0.2 28
0.2 29
0.2 30
0.2 31
0.2 32
0.2 33
0.2 34
0.2 35
0.4 1
0.4 2
0.4 3
0.4 4
0.4 5
0.4 6
0.4 7
0.4 8
0.4 9
0.4 10
0.4 11
0.4 12
0.4 13
0.4 14
0.4 15
0.4 16
0.4 17
0.4 18
0.4 19
0.4 20
0.4 21
0.4 22
0.4 23
0.4 24
0.4 25
0.4 26
0.4 27
0.4 28
0.4 29
0.4 30
0.4 31
0.4 32
0.4 33
0.4 34
0.4 35
0.6 1
0.6 2
0.6 3
0.6 4
0.6 5
0.6 6
0.6 7
0.6 8
0.6 9
0.6 10
0.6 11
0.6 12
0.6 13
0.6 14
0.6 15
0.6 16
0.6 17
0.6 18
0.6 19
0.6 20
0.6 21
0.6 22
0.6 23
0.6 24
0.6 25
0.6 26
0.6 27
0.6 28
0.6 29
0.6 30
0.6 31
0.6 32
0.6 33
0.6 34
0.6 35
0.8 1
0.8 2
0.8 3
0.8 4
0.8 5
0.8 6
0.8 7
0.8 8
0.8 9
0.8 10
0.8 11
0.8 12
0.8 13
0.8 14
0.8 15
0.8 16
0.8 17
0.8 18
0.8 19
0.8 20
0.8 21
0.8 22
0.8 23
0.8 24
0.8 25
0.8 26
0.8 27
0.8 28
0.8 29
0.8 30
0.8 31
0.8 32
0.8 33
0.8 34
0.8 35
1 1
1 2
1 3
1 4
1 5
1 6
1 7
1 8
1 9
1 10
1 11
1 12
1 13
1 14
1 15
1 16
1 17
1 18
1 19
1 20
1 21
1 22
1 23
1 24
1 25
1 26
1 27
1 28
1 29
1 30
1 31
1 32
1 33
1 34
1 35
0.95 1
0.95 2
0.95 3
0.95 4
0.95 5
0.95 6
0.95 7
0.95 8
0.95 9
0.95 10
0.95 11
0.95 12
0.95 13
0.95 14
0.95 15
0.95 16
0.95 17
0.95 18
0.95 19
0.95 20
0.95 21
0.95 22
0.95 23
0.95 24
0.95 25
0.95 26
0.95 27
0.95 28
0.95 29
0.95 30
0.95 31
0.95 32
0.95 33
0.95 34
0.95 35
0.99 1
0.99 2
0.99 3
0.99 4
0.99 5
0.99 6
0.99 7
0.99 8
0.99 9
0.99 10
0.99 11
0.99 12
0.99 13
0.99 14
0.99 15
0.99 16
0.99 17
0.99 18
0.99 19
0.99 20
0.99 21
0.99 22
0.99 23
0.99 24
0.99 25
0.99 26
0.99 27
0.99 28
0.99 29
0.99 30
0.99 31
0.99 32
0.99 33
0.99 34
0.99 35
