-0.01 0.2 0 1
-0.01 0.2 0 2
-0.01 0.2 0 3
-0.01 0.2 0 4
-0.01 0.2 0 5
-0.01 0.2 0 6
-0.01 0.2 0 7
-0.01 0.2 0 8
-0.01 0.2 0 9
-0.01 0.2 0 10
-0.01 0.2 0 11
-0.01 0.2 0 12
-0.01 0.2 0 13
-0.01 0.2 0 14
-0.01 0.2 0 15
-0.01 0.2 0 16
-0.01 0.2 0 17
-0.01 0.2 0 18
-0.01 0.2 0 19
-0.01 0.2 0 20
-0.01 0.2 0 21
-0.01 0.2 0 22
-0.01 0.2 0 23
-0.01 0.2 0 24
-0.01 0.2 0 25
-0.01 0.2 0 26
-0.01 0.2 0 27
-0.01 0.2 0 28
-0.01 0.2 0 29
-0.01 0.2 0 30
-0.01 0.2 0 31
-0.01 0.2 0 32
-0.01 0.2 0 33
-0.01 0.2 0 34
-0.01 0.2 0 35
-0.01 0.2 0 36
-0.01 0.2 0 37
-0.01 0.2 0 38
-0.01 0.2 0 39
-0.01 0.2 0 40
-0.01 0.2 0 41
-0.01 0.2 0 42
-0.01 0.2 0 43
-0.01 0.2 0 44
-0.01 0.2 0 45
-0.01 0.2 0 46
-0.01 0.2 0 47
-0.01 0.2 0 48
-0.01 0.2 0 49
-0.01 0.2 0 50
-0.01 0.2 0 51
-0.01 0.2 0 52
-0.01 0.2 0 53
-0.01 0.2 0 54
-0.01 0.2 0 55
-0.01 0.2 0 56
-0.01 0.2 0 57
-0.01 0.2 0 58
-0.01 0.2 0 59
-0.01 0.2 0 60
-0.01 0.2 0 61
-0.01 0.2 0 62
-0.01 0.2 0 63
-0.01 0.2 0 64
-0.01 0.2 0 65
-0.01 0.2 0 66
-0.01 0.2 0 67
-0.01 0.2 0 68
-0.01 0.2 0 69
-0.01 0.2 0 70
-0.01 0.2 0 71
-0.01 0.2 0 72
-0.01 0.2 0 73
-0.01 0.2 0 74
-0.01 0.2 0 75
-0.01 0.2 0 76
-0.01 0.2 0 77
-0.01 0.2 0 78
-0.01 0.2 0 79
-0.01 0.2 0 80
-0.01 0.2 0 81
-0.01 0.2 0 82
-0.01 0.2 0 83
-0.01 0.2 0 84
-0.01 0.2 0 85
-0.01 0.2 0 86
-0.01 0.2 0 87
-0.01 0.2 0 88
-0.01 0.2 0 89
-0.01 0.2 0 90
-0.01 0.2 0 91
-0.01 0.2 0 92
-0.01 0.2 0 93
-0.01 0.2 0 94
-0.01 0.2 0 95
-0.01 0.2 0 96
-0.01 0.2 0 97
-0.01 0.2 0 98
-0.01 0.2 0 99
-0.01 0.2 0 100
-0.01 0.2 0.2 1
-0.01 0.2 0.2 2
-0.01 0.2 0.2 3
-0.01 0.2 0.2 4
-0.01 0.2 0.2 5
-0.01 0.2 0.2 6
-0.01 0.2 0.2 7
-0.01 0.2 0.2 8
-0.01 0.2 0.2 9
-0.01 0.2 0.2 10
-0.01 0.2 0.2 11
-0.01 0.2 0.2 12
-0.01 0.2 0.2 13
-0.01 0.2 0.2 14
-0.01 0.2 0.2 15
-0.01 0.2 0.2 16
-0.01 0.2 0.2 17
-0.01 0.2 0.2 18
-0.01 0.2 0.2 19
-0.01 0.2 0.2 20
-0.01 0.2 0.2 21
-0.01 0.2 0.2 22
-0.01 0.2 0.2 23
-0.01 0.2 0.2 24
-0.01 0.2 0.2 25
-0.01 0.2 0.2 26
-0.01 0.2 0.2 27
-0.01 0.2 0.2 28
-0.01 0.2 0.2 29
-0.01 0.2 0.2 30
-0.01 0.2 0.2 31
-0.01 0.2 0.2 32
-0.01 0.2 0.2 33
-0.01 0.2 0.2 34
-0.01 0.2 0.2 35
-0.01 0.2 0.2 36
-0.01 0.2 0.2 37
-0.01 0.2 0.2 38
-0.01 0.2 0.2 39
-0.01 0.2 0.2 40
-0.01 0.2 0.2 41
-0.01 0.2 0.2 42
-0.01 0.2 0.2 43
-0.01 0.2 0.2 44
-0.01 0.2 0.2 45
-0.01 0.2 0.2 46
-0.01 0.2 0.2 47
-0.01 0.2 0.2 48
-0.01 0.2 0.2 49
-0.01 0.2 0.2 50
-0.01 0.2 0.2 51
-0.01 0.2 0.2 52
-0.01 0.2 0.2 53
-0.01 0.2 0.2 54
-0.01 0.2 0.2 55
-0.01 0.2 0.2 56
-0.01 0.2 0.2 57
-0.01 0.2 0.2 58
-0.01 0.2 0.2 59
-0.01 0.2 0.2 60
-0.01 0.2 0.2 61
-0.01 0.2 0.2 62
-0.01 0.2 0.2 63
-0.01 0.2 0.2 64
-0.01 0.2 0.2 65
-0.01 0.2 0.2 66
-0.01 0.2 0.2 67
-0.01 0.2 0.2 68
-0.01 0.2 0.2 69
-0.01 0.2 0.2 70
-0.01 0.2 0.2 71
-0.01 0.2 0.2 72
-0.01 0.2 0.2 73
-0.01 0.2 0.2 74
-0.01 0.2 0.2 75
-0.01 0.2 0.2 76
-0.01 0.2 0.2 77
-0.01 0.2 0.2 78
-0.01 0.2 0.2 79
-0.01 0.2 0.2 80
-0.01 0.2 0.2 81
-0.01 0.2 0.2 82
-0.01 0.2 0.2 83
-0.01 0.2 0.2 84
-0.01 0.2 0.2 85
-0.01 0.2 0.2 86
-0.01 0.2 0.2 87
-0.01 0.2 0.2 88
-0.01 0.2 0.2 89
-0.01 0.2 0.2 90
-0.01 0.2 0.2 91
-0.01 0.2 0.2 92
-0.01 0.2 0.2 93
-0.01 0.2 0.2 94
-0.01 0.2 0.2 95
-0.01 0.2 0.2 96
-0.01 0.2 0.2 97
-0.01 0.2 0.2 98
-0.01 0.2 0.2 99
-0.01 0.2 0.2 100
-0.01 0.2 0.4 1
-0.01 0.2 0.4 2
-0.01 0.2 0.4 3
-0.01 0.2 0.4 4
-0.01 0.2 0.4 5
-0.01 0.2 0.4 6
-0.01 0.2 0.4 7
-0.01 0.2 0.4 8
-0.01 0.2 0.4 9
-0.01 0.2 0.4 10
-0.01 0.2 0.4 11
-0.01 0.2 0.4 12
-0.01 0.2 0.4 13
-0.01 0.2 0.4 14
-0.01 0.2 0.4 15
-0.01 0.2 0.4 16
-0.01 0.2 0.4 17
-0.01 0.2 0.4 18
-0.01 0.2 0.4 19
-0.01 0.2 0.4 20
-0.01 0.2 0.4 21
-0.01 0.2 0.4 22
-0.01 0.2 0.4 23
-0.01 0.2 0.4 24
-0.01 0.2 0.4 25
-0.01 0.2 0.4 26
-0.01 0.2 0.4 27
-0.01 0.2 0.4 28
-0.01 0.2 0.4 29
-0.01 0.2 0.4 30
-0.01 0.2 0.4 31
-0.01 0.2 0.4 32
-0.01 0.2 0.4 33
-0.01 0.2 0.4 34
-0.01 0.2 0.4 35
-0.01 0.2 0.4 36
-0.01 0.2 0.4 37
-0.01 0.2 0.4 38
-0.01 0.2 0.4 39
-0.01 0.2 0.4 40
-0.01 0.2 0.4 41
-0.01 0.2 0.4 42
-0.01 0.2 0.4 43
-0.01 0.2 0.4 44
-0.01 0.2 0.4 45
-0.01 0.2 0.4 46
-0.01 0.2 0.4 47
-0.01 0.2 0.4 48
-0.01 0.2 0.4 49
-0.01 0.2 0.4 50
-0.01 0.2 0.4 51
-0.01 0.2 0.4 52
-0.01 0.2 0.4 53
-0.01 0.2 0.4 54
-0.01 0.2 0.4 55
-0.01 0.2 0.4 56
-0.01 0.2 0.4 57
-0.01 0.2 0.4 58
-0.01 0.2 0.4 59
-0.01 0.2 0.4 60
-0.01 0.2 0.4 61
-0.01 0.2 0.4 62
-0.01 0.2 0.4 63
-0.01 0.2 0.4 64
-0.01 0.2 0.4 65
-0.01 0.2 0.4 66
-0.01 0.2 0.4 67
-0.01 0.2 0.4 68
-0.01 0.2 0.4 69
-0.01 0.2 0.4 70
-0.01 0.2 0.4 71
-0.01 0.2 0.4 72
-0.01 0.2 0.4 73
-0.01 0.2 0.4 74
-0.01 0.2 0.4 75
-0.01 0.2 0.4 76
-0.01 0.2 0.4 77
-0.01 0.2 0.4 78
-0.01 0.2 0.4 79
-0.01 0.2 0.4 80
-0.01 0.2 0.4 81
-0.01 0.2 0.4 82
-0.01 0.2 0.4 83
-0.01 0.2 0.4 84
-0.01 0.2 0.4 85
-0.01 0.2 0.4 86
-0.01 0.2 0.4 87
-0.01 0.2 0.4 88
-0.01 0.2 0.4 89
-0.01 0.2 0.4 90
-0.01 0.2 0.4 91
-0.01 0.2 0.4 92
-0.01 0.2 0.4 93
-0.01 0.2 0.4 94
-0.01 0.2 0.4 95
-0.01 0.2 0.4 96
-0.01 0.2 0.4 97
-0.01 0.2 0.4 98
-0.01 0.2 0.4 99
-0.01 0.2 0.4 100
-0.01 0.2 0.6 1
-0.01 0.2 0.6 2
-0.01 0.2 0.6 3
-0.01 0.2 0.6 4
-0.01 0.2 0.6 5
-0.01 0.2 0.6 6
-0.01 0.2 0.6 7
-0.01 0.2 0.6 8
-0.01 0.2 0.6 9
-0.01 0.2 0.6 10
-0.01 0.2 0.6 11
-0.01 0.2 0.6 12
-0.01 0.2 0.6 13
-0.01 0.2 0.6 14
-0.01 0.2 0.6 15
-0.01 0.2 0.6 16
-0.01 0.2 0.6 17
-0.01 0.2 0.6 18
-0.01 0.2 0.6 19
-0.01 0.2 0.6 20
-0.01 0.2 0.6 21
-0.01 0.2 0.6 22
-0.01 0.2 0.6 23
-0.01 0.2 0.6 24
-0.01 0.2 0.6 25
-0.01 0.2 0.6 26
-0.01 0.2 0.6 27
-0.01 0.2 0.6 28
-0.01 0.2 0.6 29
-0.01 0.2 0.6 30
-0.01 0.2 0.6 31
-0.01 0.2 0.6 32
-0.01 0.2 0.6 33
-0.01 0.2 0.6 34
-0.01 0.2 0.6 35
-0.01 0.2 0.6 36
-0.01 0.2 0.6 37
-0.01 0.2 0.6 38
-0.01 0.2 0.6 39
-0.01 0.2 0.6 40
-0.01 0.2 0.6 41
-0.01 0.2 0.6 42
-0.01 0.2 0.6 43
-0.01 0.2 0.6 44
-0.01 0.2 0.6 45
-0.01 0.2 0.6 46
-0.01 0.2 0.6 47
-0.01 0.2 0.6 48
-0.01 0.2 0.6 49
-0.01 0.2 0.6 50
-0.01 0.2 0.6 51
-0.01 0.2 0.6 52
-0.01 0.2 0.6 53
-0.01 0.2 0.6 54
-0.01 0.2 0.6 55
-0.01 0.2 0.6 56
-0.01 0.2 0.6 57
-0.01 0.2 0.6 58
-0.01 0.2 0.6 59
-0.01 0.2 0.6 60
-0.01 0.2 0.6 61
-0.01 0.2 0.6 62
-0.01 0.2 0.6 63
-0.01 0.2 0.6 64
-0.01 0.2 0.6 65
-0.01 0.2 0.6 66
-0.01 0.2 0.6 67
-0.01 0.2 0.6 68
-0.01 0.2 0.6 69
-0.01 0.2 0.6 70
-0.01 0.2 0.6 71
-0.01 0.2 0.6 72
-0.01 0.2 0.6 73
-0.01 0.2 0.6 74
-0.01 0.2 0.6 75
-0.01 0.2 0.6 76
-0.01 0.2 0.6 77
-0.01 0.2 0.6 78
-0.01 0.2 0.6 79
-0.01 0.2 0.6 80
-0.01 0.2 0.6 81
-0.01 0.2 0.6 82
-0.01 0.2 0.6 83
-0.01 0.2 0.6 84
-0.01 0.2 0.6 85
-0.01 0.2 0.6 86
-0.01 0.2 0.6 87
-0.01 0.2 0.6 88
-0.01 0.2 0.6 89
-0.01 0.2 0.6 90
-0.01 0.2 0.6 91
-0.01 0.2 0.6 92
-0.01 0.2 0.6 93
-0.01 0.2 0.6 94
-0.01 0.2 0.6 95
-0.01 0.2 0.6 96
-0.01 0.2 0.6 97
-0.01 0.2 0.6 98
-0.01 0.2 0.6 99
-0.01 0.2 0.6 100
-0.01 0.2 0.8 1
-0.01 0.2 0.8 2
-0.01 0.2 0.8 3
-0.01 0.2 0.8 4
-0.01 0.2 0.8 5
-0.01 0.2 0.8 6
-0.01 0.2 0.8 7
-0.01 0.2 0.8 8
-0.01 0.2 0.8 9
-0.01 0.2 0.8 10
-0.01 0.2 0.8 11
-0.01 0.2 0.8 12
-0.01 0.2 0.8 13
-0.01 0.2 0.8 14
-0.01 0.2 0.8 15
-0.01 0.2 0.8 16
-0.01 0.2 0.8 17
-0.01 0.2 0.8 18
-0.01 0.2 0.8 19
-0.01 0.2 0.8 20
-0.01 0.2 0.8 21
-0.01 0.2 0.8 22
-0.01 0.2 0.8 23
-0.01 0.2 0.8 24
-0.01 0.2 0.8 25
-0.01 0.2 0.8 26
-0.01 0.2 0.8 27
-0.01 0.2 0.8 28
-0.01 0.2 0.8 29
-0.01 0.2 0.8 30
-0.01 0.2 0.8 31
-0.01 0.2 0.8 32
-0.01 0.2 0.8 33
-0.01 0.2 0.8 34
-0.01 0.2 0.8 35
-0.01 0.2 0.8 36
-0.01 0.2 0.8 37
-0.01 0.2 0.8 38
-0.01 0.2 0.8 39
-0.01 0.2 0.8 40
-0.01 0.2 0.8 41
-0.01 0.2 0.8 42
-0.01 0.2 0.8 43
-0.01 0.2 0.8 44
-0.01 0.2 0.8 45
-0.01 0.2 0.8 46
-0.01 0.2 0.8 47
-0.01 0.2 0.8 48
-0.01 0.2 0.8 49
-0.01 0.2 0.8 50
-0.01 0.2 0.8 51
-0.01 0.2 0.8 52
-0.01 0.2 0.8 53
-0.01 0.2 0.8 54
-0.01 0.2 0.8 55
-0.01 0.2 0.8 56
-0.01 0.2 0.8 57
-0.01 0.2 0.8 58
-0.01 0.2 0.8 59
-0.01 0.2 0.8 60
-0.01 0.2 0.8 61
-0.01 0.2 0.8 62
-0.01 0.2 0.8 63
-0.01 0.2 0.8 64
-0.01 0.2 0.8 65
-0.01 0.2 0.8 66
-0.01 0.2 0.8 67
-0.01 0.2 0.8 68
-0.01 0.2 0.8 69
-0.01 0.2 0.8 70
-0.01 0.2 0.8 71
-0.01 0.2 0.8 72
-0.01 0.2 0.8 73
-0.01 0.2 0.8 74
-0.01 0.2 0.8 75
-0.01 0.2 0.8 76
-0.01 0.2 0.8 77
-0.01 0.2 0.8 78
-0.01 0.2 0.8 79
-0.01 0.2 0.8 80
-0.01 0.2 0.8 81
-0.01 0.2 0.8 82
-0.01 0.2 0.8 83
-0.01 0.2 0.8 84
-0.01 0.2 0.8 85
-0.01 0.2 0.8 86
-0.01 0.2 0.8 87
-0.01 0.2 0.8 88
-0.01 0.2 0.8 89
-0.01 0.2 0.8 90
-0.01 0.2 0.8 91
-0.01 0.2 0.8 92
-0.01 0.2 0.8 93
-0.01 0.2 0.8 94
-0.01 0.2 0.8 95
-0.01 0.2 0.8 96
-0.01 0.2 0.8 97
-0.01 0.2 0.8 98
-0.01 0.2 0.8 99
-0.01 0.2 0.8 100
-0.01 0.2 1 1
-0.01 0.2 1 2
-0.01 0.2 1 3
-0.01 0.2 1 4
-0.01 0.2 1 5
-0.01 0.2 1 6
-0.01 0.2 1 7
-0.01 0.2 1 8
-0.01 0.2 1 9
-0.01 0.2 1 10
-0.01 0.2 1 11
-0.01 0.2 1 12
-0.01 0.2 1 13
-0.01 0.2 1 14
-0.01 0.2 1 15
-0.01 0.2 1 16
-0.01 0.2 1 17
-0.01 0.2 1 18
-0.01 0.2 1 19
-0.01 0.2 1 20
-0.01 0.2 1 21
-0.01 0.2 1 22
-0.01 0.2 1 23
-0.01 0.2 1 24
-0.01 0.2 1 25
-0.01 0.2 1 26
-0.01 0.2 1 27
-0.01 0.2 1 28
-0.01 0.2 1 29
-0.01 0.2 1 30
-0.01 0.2 1 31
-0.01 0.2 1 32
-0.01 0.2 1 33
-0.01 0.2 1 34
-0.01 0.2 1 35
-0.01 0.2 1 36
-0.01 0.2 1 37
-0.01 0.2 1 38
-0.01 0.2 1 39
-0.01 0.2 1 40
-0.01 0.2 1 41
-0.01 0.2 1 42
-0.01 0.2 1 43
-0.01 0.2 1 44
-0.01 0.2 1 45
-0.01 0.2 1 46
-0.01 0.2 1 47
-0.01 0.2 1 48
-0.01 0.2 1 49
-0.01 0.2 1 50
-0.01 0.2 1 51
-0.01 0.2 1 52
-0.01 0.2 1 53
-0.01 0.2 1 54
-0.01 0.2 1 55
-0.01 0.2 1 56
-0.01 0.2 1 57
-0.01 0.2 1 58
-0.01 0.2 1 59
-0.01 0.2 1 60
-0.01 0.2 1 61
-0.01 0.2 1 62
-0.01 0.2 1 63
-0.01 0.2 1 64
-0.01 0.2 1 65
-0.01 0.2 1 66
-0.01 0.2 1 67
-0.01 0.2 1 68
-0.01 0.2 1 69
-0.01 0.2 1 70
-0.01 0.2 1 71
-0.01 0.2 1 72
-0.01 0.2 1 73
-0.01 0.2 1 74
-0.01 0.2 1 75
-0.01 0.2 1 76
-0.01 0.2 1 77
-0.01 0.2 1 78
-0.01 0.2 1 79
-0.01 0.2 1 80
-0.01 0.2 1 81
-0.01 0.2 1 82
-0.01 0.2 1 83
-0.01 0.2 1 84
-0.01 0.2 1 85
-0.01 0.2 1 86
-0.01 0.2 1 87
-0.01 0.2 1 88
-0.01 0.2 1 89
-0.01 0.2 1 90
-0.01 0.2 1 91
-0.01 0.2 1 92
-0.01 0.2 1 93
-0.01 0.2 1 94
-0.01 0.2 1 95
-0.01 0.2 1 96
-0.01 0.2 1 97
-0.01 0.2 1 98
-0.01 0.2 1 99
-0.01 0.2 1 100
-0.01 0.2 0.95 1
-0.01 0.2 0.95 2
-0.01 0.2 0.95 3
-0.01 0.2 0.95 4
-0.01 0.2 0.95 5
-0.01 0.2 0.95 6
-0.01 0.2 0.95 7
-0.01 0.2 0.95 8
-0.01 0.2 0.95 9
-0.01 0.2 0.95 10
-0.01 0.2 0.95 11
-0.01 0.2 0.95 12
-0.01 0.2 0.95 13
-0.01 0.2 0.95 14
-0.01 0.2 0.95 15
-0.01 0.2 0.95 16
-0.01 0.2 0.95 17
-0.01 0.2 0.95 18
-0.01 0.2 0.95 19
-0.01 0.2 0.95 20
-0.01 0.2 0.95 21
-0.01 0.2 0.95 22
-0.01 0.2 0.95 23
-0.01 0.2 0.95 24
-0.01 0.2 0.95 25
-0.01 0.2 0.95 26
-0.01 0.2 0.95 27
-0.01 0.2 0.95 28
-0.01 0.2 0.95 29
-0.01 0.2 0.95 30
-0.01 0.2 0.95 31
-0.01 0.2 0.95 32
-0.01 0.2 0.95 33
-0.01 0.2 0.95 34
-0.01 0.2 0.95 35
-0.01 0.2 0.95 36
-0.01 0.2 0.95 37
-0.01 0.2 0.95 38
-0.01 0.2 0.95 39
-0.01 0.2 0.95 40
-0.01 0.2 0.95 41
-0.01 0.2 0.95 42
-0.01 0.2 0.95 43
-0.01 0.2 0.95 44
-0.01 0.2 0.95 45
-0.01 0.2 0.95 46
-0.01 0.2 0.95 47
-0.01 0.2 0.95 48
-0.01 0.2 0.95 49
-0.01 0.2 0.95 50
-0.01 0.2 0.95 51
-0.01 0.2 0.95 52
-0.01 0.2 0.95 53
-0.01 0.2 0.95 54
-0.01 0.2 0.95 55
-0.01 0.2 0.95 56
-0.01 0.2 0.95 57
-0.01 0.2 0.95 58
-0.01 0.2 0.95 59
-0.01 0.2 0.95 60
-0.01 0.2 0.95 61
-0.01 0.2 0.95 62
-0.01 0.2 0.95 63
-0.01 0.2 0.95 64
-0.01 0.2 0.95 65
-0.01 0.2 0.95 66
-0.01 0.2 0.95 67
-0.01 0.2 0.95 68
-0.01 0.2 0.95 69
-0.01 0.2 0.95 70
-0.01 0.2 0.95 71
-0.01 0.2 0.95 72
-0.01 0.2 0.95 73
-0.01 0.2 0.95 74
-0.01 0.2 0.95 75
-0.01 0.2 0.95 76
-0.01 0.2 0.95 77
-0.01 0.2 0.95 78
-0.01 0.2 0.95 79
-0.01 0.2 0.95 80
-0.01 0.2 0.95 81
-0.01 0.2 0.95 82
-0.01 0.2 0.95 83
-0.01 0.2 0.95 84
-0.01 0.2 0.95 85
-0.01 0.2 0.95 86
-0.01 0.2 0.95 87
-0.01 0.2 0.95 88
-0.01 0.2 0.95 89
-0.01 0.2 0.95 90
-0.01 0.2 0.95 91
-0.01 0.2 0.95 92
-0.01 0.2 0.95 93
-0.01 0.2 0.95 94
-0.01 0.2 0.95 95
-0.01 0.2 0.95 96
-0.01 0.2 0.95 97
-0.01 0.2 0.95 98
-0.01 0.2 0.95 99
-0.01 0.2 0.95 100
-0.01 0.2 0.99 1
-0.01 0.2 0.99 2
-0.01 0.2 0.99 3
-0.01 0.2 0.99 4
-0.01 0.2 0.99 5
-0.01 0.2 0.99 6
-0.01 0.2 0.99 7
-0.01 0.2 0.99 8
-0.01 0.2 0.99 9
-0.01 0.2 0.99 10
-0.01 0.2 0.99 11
-0.01 0.2 0.99 12
-0.01 0.2 0.99 13
-0.01 0.2 0.99 14
-0.01 0.2 0.99 15
-0.01 0.2 0.99 16
-0.01 0.2 0.99 17
-0.01 0.2 0.99 18
-0.01 0.2 0.99 19
-0.01 0.2 0.99 20
-0.01 0.2 0.99 21
-0.01 0.2 0.99 22
-0.01 0.2 0.99 23
-0.01 0.2 0.99 24
-0.01 0.2 0.99 25
-0.01 0.2 0.99 26
-0.01 0.2 0.99 27
-0.01 0.2 0.99 28
-0.01 0.2 0.99 29
-0.01 0.2 0.99 30
-0.01 0.2 0.99 31
-0.01 0.2 0.99 32
-0.01 0.2 0.99 33
-0.01 0.2 0.99 34
-0.01 0.2 0.99 35
-0.01 0.2 0.99 36
-0.01 0.2 0.99 37
-0.01 0.2 0.99 38
-0.01 0.2 0.99 39
-0.01 0.2 0.99 40
-0.01 0.2 0.99 41
-0.01 0.2 0.99 42
-0.01 0.2 0.99 43
-0.01 0.2 0.99 44
-0.01 0.2 0.99 45
-0.01 0.2 0.99 46
-0.01 0.2 0.99 47
-0.01 0.2 0.99 48
-0.01 0.2 0.99 49
-0.01 0.2 0.99 50
-0.01 0.2 0.99 51
-0.01 0.2 0.99 52
-0.01 0.2 0.99 53
-0.01 0.2 0.99 54
-0.01 0.2 0.99 55
-0.01 0.2 0.99 56
-0.01 0.2 0.99 57
-0.01 0.2 0.99 58
-0.01 0.2 0.99 59
-0.01 0.2 0.99 60
-0.01 0.2 0.99 61
-0.01 0.2 0.99 62
-0.01 0.2 0.99 63
-0.01 0.2 0.99 64
-0.01 0.2 0.99 65
-0.01 0.2 0.99 66
-0.01 0.2 0.99 67
-0.01 0.2 0.99 68
-0.01 0.2 0.99 69
-0.01 0.2 0.99 70
-0.01 0.2 0.99 71
-0.01 0.2 0.99 72
-0.01 0.2 0.99 73
-0.01 0.2 0.99 74
-0.01 0.2 0.99 75
-0.01 0.2 0.99 76
-0.01 0.2 0.99 77
-0.01 0.2 0.99 78
-0.01 0.2 0.99 79
-0.01 0.2 0.99 80
-0.01 0.2 0.99 81
-0.01 0.2 0.99 82
-0.01 0.2 0.99 83
-0.01 0.2 0.99 84
-0.01 0.2 0.99 85
-0.01 0.2 0.99 86
-0.01 0.2 0.99 87
-0.01 0.2 0.99 88
-0.01 0.2 0.99 89
-0.01 0.2 0.99 90
-0.01 0.2 0.99 91
-0.01 0.2 0.99 92
-0.01 0.2 0.99 93
-0.01 0.2 0.99 94
-0.01 0.2 0.99 95
-0.01 0.2 0.99 96
-0.01 0.2 0.99 97
-0.01 0.2 0.99 98
-0.01 0.2 0.99 99
-0.01 0.2 0.99 100
-0.01 0.5 0 1
-0.01 0.5 0 2
-0.01 0.5 0 3
-0.01 0.5 0 4
-0.01 0.5 0 5
-0.01 0.5 0 6
-0.01 0.5 0 7
-0.01 0.5 0 8
-0.01 0.5 0 9
-0.01 0.5 0 10
-0.01 0.5 0 11
-0.01 0.5 0 12
-0.01 0.5 0 13
-0.01 0.5 0 14
-0.01 0.5 0 15
-0.01 0.5 0 16
-0.01 0.5 0 17
-0.01 0.5 0 18
-0.01 0.5 0 19
-0.01 0.5 0 20
-0.01 0.5 0 21
-0.01 0.5 0 22
-0.01 0.5 0 23
-0.01 0.5 0 24
-0.01 0.5 0 25
-0.01 0.5 0 26
-0.01 0.5 0 27
-0.01 0.5 0 28
-0.01 0.5 0 29
-0.01 0.5 0 30
-0.01 0.5 0 31
-0.01 0.5 0 32
-0.01 0.5 0 33
-0.01 0.5 0 34
-0.01 0.5 0 35
-0.01 0.5 0 36
-0.01 0.5 0 37
-0.01 0.5 0 38
-0.01 0.5 0 39
-0.01 0.5 0 40
-0.01 0.5 0 41
-0.01 0.5 0 42
-0.01 0.5 0 43
-0.01 0.5 0 44
-0.01 0.5 0 45
-0.01 0.5 0 46
-0.01 0.5 0 47
-0.01 0.5 0 48
-0.01 0.5 0 49
-0.01 0.5 0 50
-0.01 0.5 0 51
-0.01 0.5 0 52
-0.01 0.5 0 53
-0.01 0.5 0 54
-0.01 0.5 0 55
-0.01 0.5 0 56
-0.01 0.5 0 57
-0.01 0.5 0 58
-0.01 0.5 0 59
-0.01 0.5 0 60
-0.01 0.5 0 61
-0.01 0.5 0 62
-0.01 0.5 0 63
-0.01 0.5 0 64
-0.01 0.5 0 65
-0.01 0.5 0 66
-0.01 0.5 0 67
-0.01 0.5 0 68
-0.01 0.5 0 69
-0.01 0.5 0 70
-0.01 0.5 0 71
-0.01 0.5 0 72
-0.01 0.5 0 73
-0.01 0.5 0 74
-0.01 0.5 0 75
-0.01 0.5 0 76
-0.01 0.5 0 77
-0.01 0.5 0 78
-0.01 0.5 0 79
-0.01 0.5 0 80
-0.01 0.5 0 81
-0.01 0.5 0 82
-0.01 0.5 0 83
-0.01 0.5 0 84
-0.01 0.5 0 85
-0.01 0.5 0 86
-0.01 0.5 0 87
-0.01 0.5 0 88
-0.01 0.5 0 89
-0.01 0.5 0 90
-0.01 0.5 0 91
-0.01 0.5 0 92
-0.01 0.5 0 93
-0.01 0.5 0 94
-0.01 0.5 0 95
-0.01 0.5 0 96
-0.01 0.5 0 97
-0.01 0.5 0 98
-0.01 0.5 0 99
-0.01 0.5 0 100
-0.01 0.5 0.2 1
-0.01 0.5 0.2 2
-0.01 0.5 0.2 3
-0.01 0.5 0.2 4
-0.01 0.5 0.2 5
-0.01 0.5 0.2 6
-0.01 0.5 0.2 7
-0.01 0.5 0.2 8
-0.01 0.5 0.2 9
-0.01 0.5 0.2 10
-0.01 0.5 0.2 11
-0.01 0.5 0.2 12
-0.01 0.5 0.2 13
-0.01 0.5 0.2 14
-0.01 0.5 0.2 15
-0.01 0.5 0.2 16
-0.01 0.5 0.2 17
-0.01 0.5 0.2 18
-0.01 0.5 0.2 19
-0.01 0.5 0.2 20
-0.01 0.5 0.2 21
-0.01 0.5 0.2 22
-0.01 0.5 0.2 23
-0.01 0.5 0.2 24
-0.01 0.5 0.2 25
-0.01 0.5 0.2 26
-0.01 0.5 0.2 27
-0.01 0.5 0.2 28
-0.01 0.5 0.2 29
-0.01 0.5 0.2 30
-0.01 0.5 0.2 31
-0.01 0.5 0.2 32
-0.01 0.5 0.2 33
-0.01 0.5 0.2 34
-0.01 0.5 0.2 35
-0.01 0.5 0.2 36
-0.01 0.5 0.2 37
-0.01 0.5 0.2 38
-0.01 0.5 0.2 39
-0.01 0.5 0.2 40
-0.01 0.5 0.2 41
-0.01 0.5 0.2 42
-0.01 0.5 0.2 43
-0.01 0.5 0.2 44
-0.01 0.5 0.2 45
-0.01 0.5 0.2 46
-0.01 0.5 0.2 47
-0.01 0.5 0.2 48
-0.01 0.5 0.2 49
-0.01 0.5 0.2 50
-0.01 0.5 0.2 51
-0.01 0.5 0.2 52
-0.01 0.5 0.2 53
-0.01 0.5 0.2 54
-0.01 0.5 0.2 55
-0.01 0.5 0.2 56
-0.01 0.5 0.2 57
-0.01 0.5 0.2 58
-0.01 0.5 0.2 59
-0.01 0.5 0.2 60
-0.01 0.5 0.2 61
-0.01 0.5 0.2 62
-0.01 0.5 0.2 63
-0.01 0.5 0.2 64
-0.01 0.5 0.2 65
-0.01 0.5 0.2 66
-0.01 0.5 0.2 67
-0.01 0.5 0.2 68
-0.01 0.5 0.2 69
-0.01 0.5 0.2 70
-0.01 0.5 0.2 71
-0.01 0.5 0.2 72
-0.01 0.5 0.2 73
-0.01 0.5 0.2 74
-0.01 0.5 0.2 75
-0.01 0.5 0.2 76
-0.01 0.5 0.2 77
-0.01 0.5 0.2 78
-0.01 0.5 0.2 79
-0.01 0.5 0.2 80
-0.01 0.5 0.2 81
-0.01 0.5 0.2 82
-0.01 0.5 0.2 83
-0.01 0.5 0.2 84
-0.01 0.5 0.2 85
-0.01 0.5 0.2 86
-0.01 0.5 0.2 87
-0.01 0.5 0.2 88
-0.01 0.5 0.2 89
-0.01 0.5 0.2 90
-0.01 0.5 0.2 91
-0.01 0.5 0.2 92
-0.01 0.5 0.2 93
-0.01 0.5 0.2 94
-0.01 0.5 0.2 95
-0.01 0.5 0.2 96
-0.01 0.5 0.2 97
-0.01 0.5 0.2 98
-0.01 0.5 0.2 99
-0.01 0.5 0.2 100
-0.01 0.5 0.4 1
-0.01 0.5 0.4 2
-0.01 0.5 0.4 3
-0.01 0.5 0.4 4
-0.01 0.5 0.4 5
-0.01 0.5 0.4 6
-0.01 0.5 0.4 7
-0.01 0.5 0.4 8
-0.01 0.5 0.4 9
-0.01 0.5 0.4 10
-0.01 0.5 0.4 11
-0.01 0.5 0.4 12
-0.01 0.5 0.4 13
-0.01 0.5 0.4 14
-0.01 0.5 0.4 15
-0.01 0.5 0.4 16
-0.01 0.5 0.4 17
-0.01 0.5 0.4 18
-0.01 0.5 0.4 19
-0.01 0.5 0.4 20
-0.01 0.5 0.4 21
-0.01 0.5 0.4 22
-0.01 0.5 0.4 23
-0.01 0.5 0.4 24
-0.01 0.5 0.4 25
-0.01 0.5 0.4 26
-0.01 0.5 0.4 27
-0.01 0.5 0.4 28
-0.01 0.5 0.4 29
-0.01 0.5 0.4 30
-0.01 0.5 0.4 31
-0.01 0.5 0.4 32
-0.01 0.5 0.4 33
-0.01 0.5 0.4 34
-0.01 0.5 0.4 35
-0.01 0.5 0.4 36
-0.01 0.5 0.4 37
-0.01 0.5 0.4 38
-0.01 0.5 0.4 39
-0.01 0.5 0.4 40
-0.01 0.5 0.4 41
-0.01 0.5 0.4 42
-0.01 0.5 0.4 43
-0.01 0.5 0.4 44
-0.01 0.5 0.4 45
-0.01 0.5 0.4 46
-0.01 0.5 0.4 47
-0.01 0.5 0.4 48
-0.01 0.5 0.4 49
-0.01 0.5 0.4 50
-0.01 0.5 0.4 51
-0.01 0.5 0.4 52
-0.01 0.5 0.4 53
-0.01 0.5 0.4 54
-0.01 0.5 0.4 55
-0.01 0.5 0.4 56
-0.01 0.5 0.4 57
-0.01 0.5 0.4 58
-0.01 0.5 0.4 59
-0.01 0.5 0.4 60
-0.01 0.5 0.4 61
-0.01 0.5 0.4 62
-0.01 0.5 0.4 63
-0.01 0.5 0.4 64
-0.01 0.5 0.4 65
-0.01 0.5 0.4 66
-0.01 0.5 0.4 67
-0.01 0.5 0.4 68
-0.01 0.5 0.4 69
-0.01 0.5 0.4 70
-0.01 0.5 0.4 71
-0.01 0.5 0.4 72
-0.01 0.5 0.4 73
-0.01 0.5 0.4 74
-0.01 0.5 0.4 75
-0.01 0.5 0.4 76
-0.01 0.5 0.4 77
-0.01 0.5 0.4 78
-0.01 0.5 0.4 79
-0.01 0.5 0.4 80
-0.01 0.5 0.4 81
-0.01 0.5 0.4 82
-0.01 0.5 0.4 83
-0.01 0.5 0.4 84
-0.01 0.5 0.4 85
-0.01 0.5 0.4 86
-0.01 0.5 0.4 87
-0.01 0.5 0.4 88
-0.01 0.5 0.4 89
-0.01 0.5 0.4 90
-0.01 0.5 0.4 91
-0.01 0.5 0.4 92
-0.01 0.5 0.4 93
-0.01 0.5 0.4 94
-0.01 0.5 0.4 95
-0.01 0.5 0.4 96
-0.01 0.5 0.4 97
-0.01 0.5 0.4 98
-0.01 0.5 0.4 99
-0.01 0.5 0.4 100
-0.01 0.5 0.6 1
-0.01 0.5 0.6 2
-0.01 0.5 0.6 3
-0.01 0.5 0.6 4
-0.01 0.5 0.6 5
-0.01 0.5 0.6 6
-0.01 0.5 0.6 7
-0.01 0.5 0.6 8
-0.01 0.5 0.6 9
-0.01 0.5 0.6 10
-0.01 0.5 0.6 11
-0.01 0.5 0.6 12
-0.01 0.5 0.6 13
-0.01 0.5 0.6 14
-0.01 0.5 0.6 15
-0.01 0.5 0.6 16
-0.01 0.5 0.6 17
-0.01 0.5 0.6 18
-0.01 0.5 0.6 19
-0.01 0.5 0.6 20
-0.01 0.5 0.6 21
-0.01 0.5 0.6 22
-0.01 0.5 0.6 23
-0.01 0.5 0.6 24
-0.01 0.5 0.6 25
-0.01 0.5 0.6 26
-0.01 0.5 0.6 27
-0.01 0.5 0.6 28
-0.01 0.5 0.6 29
-0.01 0.5 0.6 30
-0.01 0.5 0.6 31
-0.01 0.5 0.6 32
-0.01 0.5 0.6 33
-0.01 0.5 0.6 34
-0.01 0.5 0.6 35
-0.01 0.5 0.6 36
-0.01 0.5 0.6 37
-0.01 0.5 0.6 38
-0.01 0.5 0.6 39
-0.01 0.5 0.6 40
-0.01 0.5 0.6 41
-0.01 0.5 0.6 42
-0.01 0.5 0.6 43
-0.01 0.5 0.6 44
-0.01 0.5 0.6 45
-0.01 0.5 0.6 46
-0.01 0.5 0.6 47
-0.01 0.5 0.6 48
-0.01 0.5 0.6 49
-0.01 0.5 0.6 50
-0.01 0.5 0.6 51
-0.01 0.5 0.6 52
-0.01 0.5 0.6 53
-0.01 0.5 0.6 54
-0.01 0.5 0.6 55
-0.01 0.5 0.6 56
-0.01 0.5 0.6 57
-0.01 0.5 0.6 58
-0.01 0.5 0.6 59
-0.01 0.5 0.6 60
-0.01 0.5 0.6 61
-0.01 0.5 0.6 62
-0.01 0.5 0.6 63
-0.01 0.5 0.6 64
-0.01 0.5 0.6 65
-0.01 0.5 0.6 66
-0.01 0.5 0.6 67
-0.01 0.5 0.6 68
-0.01 0.5 0.6 69
-0.01 0.5 0.6 70
-0.01 0.5 0.6 71
-0.01 0.5 0.6 72
-0.01 0.5 0.6 73
-0.01 0.5 0.6 74
-0.01 0.5 0.6 75
-0.01 0.5 0.6 76
-0.01 0.5 0.6 77
-0.01 0.5 0.6 78
-0.01 0.5 0.6 79
-0.01 0.5 0.6 80
-0.01 0.5 0.6 81
-0.01 0.5 0.6 82
-0.01 0.5 0.6 83
-0.01 0.5 0.6 84
-0.01 0.5 0.6 85
-0.01 0.5 0.6 86
-0.01 0.5 0.6 87
-0.01 0.5 0.6 88
-0.01 0.5 0.6 89
-0.01 0.5 0.6 90
-0.01 0.5 0.6 91
-0.01 0.5 0.6 92
-0.01 0.5 0.6 93
-0.01 0.5 0.6 94
-0.01 0.5 0.6 95
-0.01 0.5 0.6 96
-0.01 0.5 0.6 97
-0.01 0.5 0.6 98
-0.01 0.5 0.6 99
-0.01 0.5 0.6 100
-0.01 0.5 0.8 1
-0.01 0.5 0.8 2
-0.01 0.5 0.8 3
-0.01 0.5 0.8 4
-0.01 0.5 0.8 5
-0.01 0.5 0.8 6
-0.01 0.5 0.8 7
-0.01 0.5 0.8 8
-0.01 0.5 0.8 9
-0.01 0.5 0.8 10
-0.01 0.5 0.8 11
-0.01 0.5 0.8 12
-0.01 0.5 0.8 13
-0.01 0.5 0.8 14
-0.01 0.5 0.8 15
-0.01 0.5 0.8 16
-0.01 0.5 0.8 17
-0.01 0.5 0.8 18
-0.01 0.5 0.8 19
-0.01 0.5 0.8 20
-0.01 0.5 0.8 21
-0.01 0.5 0.8 22
-0.01 0.5 0.8 23
-0.01 0.5 0.8 24
-0.01 0.5 0.8 25
-0.01 0.5 0.8 26
-0.01 0.5 0.8 27
-0.01 0.5 0.8 28
-0.01 0.5 0.8 29
-0.01 0.5 0.8 30
-0.01 0.5 0.8 31
-0.01 0.5 0.8 32
-0.01 0.5 0.8 33
-0.01 0.5 0.8 34
-0.01 0.5 0.8 35
-0.01 0.5 0.8 36
-0.01 0.5 0.8 37
-0.01 0.5 0.8 38
-0.01 0.5 0.8 39
-0.01 0.5 0.8 40
-0.01 0.5 0.8 41
-0.01 0.5 0.8 42
-0.01 0.5 0.8 43
-0.01 0.5 0.8 44
-0.01 0.5 0.8 45
-0.01 0.5 0.8 46
-0.01 0.5 0.8 47
-0.01 0.5 0.8 48
-0.01 0.5 0.8 49
-0.01 0.5 0.8 50
-0.01 0.5 0.8 51
-0.01 0.5 0.8 52
-0.01 0.5 0.8 53
-0.01 0.5 0.8 54
-0.01 0.5 0.8 55
-0.01 0.5 0.8 56
-0.01 0.5 0.8 57
-0.01 0.5 0.8 58
-0.01 0.5 0.8 59
-0.01 0.5 0.8 60
-0.01 0.5 0.8 61
-0.01 0.5 0.8 62
-0.01 0.5 0.8 63
-0.01 0.5 0.8 64
-0.01 0.5 0.8 65
-0.01 0.5 0.8 66
-0.01 0.5 0.8 67
-0.01 0.5 0.8 68
-0.01 0.5 0.8 69
-0.01 0.5 0.8 70
-0.01 0.5 0.8 71
-0.01 0.5 0.8 72
-0.01 0.5 0.8 73
-0.01 0.5 0.8 74
-0.01 0.5 0.8 75
-0.01 0.5 0.8 76
-0.01 0.5 0.8 77
-0.01 0.5 0.8 78
-0.01 0.5 0.8 79
-0.01 0.5 0.8 80
-0.01 0.5 0.8 81
-0.01 0.5 0.8 82
-0.01 0.5 0.8 83
-0.01 0.5 0.8 84
-0.01 0.5 0.8 85
-0.01 0.5 0.8 86
-0.01 0.5 0.8 87
-0.01 0.5 0.8 88
-0.01 0.5 0.8 89
-0.01 0.5 0.8 90
-0.01 0.5 0.8 91
-0.01 0.5 0.8 92
-0.01 0.5 0.8 93
-0.01 0.5 0.8 94
-0.01 0.5 0.8 95
-0.01 0.5 0.8 96
-0.01 0.5 0.8 97
-0.01 0.5 0.8 98
-0.01 0.5 0.8 99
-0.01 0.5 0.8 100
-0.01 0.5 1 1
-0.01 0.5 1 2
-0.01 0.5 1 3
-0.01 0.5 1 4
-0.01 0.5 1 5
-0.01 0.5 1 6
-0.01 0.5 1 7
-0.01 0.5 1 8
-0.01 0.5 1 9
-0.01 0.5 1 10
-0.01 0.5 1 11
-0.01 0.5 1 12
-0.01 0.5 1 13
-0.01 0.5 1 14
-0.01 0.5 1 15
-0.01 0.5 1 16
-0.01 0.5 1 17
-0.01 0.5 1 18
-0.01 0.5 1 19
-0.01 0.5 1 20
-0.01 0.5 1 21
-0.01 0.5 1 22
-0.01 0.5 1 23
-0.01 0.5 1 24
-0.01 0.5 1 25
-0.01 0.5 1 26
-0.01 0.5 1 27
-0.01 0.5 1 28
-0.01 0.5 1 29
-0.01 0.5 1 30
-0.01 0.5 1 31
-0.01 0.5 1 32
-0.01 0.5 1 33
-0.01 0.5 1 34
-0.01 0.5 1 35
-0.01 0.5 1 36
-0.01 0.5 1 37
-0.01 0.5 1 38
-0.01 0.5 1 39
-0.01 0.5 1 40
-0.01 0.5 1 41
-0.01 0.5 1 42
-0.01 0.5 1 43
-0.01 0.5 1 44
-0.01 0.5 1 45
-0.01 0.5 1 46
-0.01 0.5 1 47
-0.01 0.5 1 48
-0.01 0.5 1 49
-0.01 0.5 1 50
-0.01 0.5 1 51
-0.01 0.5 1 52
-0.01 0.5 1 53
-0.01 0.5 1 54
-0.01 0.5 1 55
-0.01 0.5 1 56
-0.01 0.5 1 57
-0.01 0.5 1 58
-0.01 0.5 1 59
-0.01 0.5 1 60
-0.01 0.5 1 61
-0.01 0.5 1 62
-0.01 0.5 1 63
-0.01 0.5 1 64
-0.01 0.5 1 65
-0.01 0.5 1 66
-0.01 0.5 1 67
-0.01 0.5 1 68
-0.01 0.5 1 69
-0.01 0.5 1 70
-0.01 0.5 1 71
-0.01 0.5 1 72
-0.01 0.5 1 73
-0.01 0.5 1 74
-0.01 0.5 1 75
-0.01 0.5 1 76
-0.01 0.5 1 77
-0.01 0.5 1 78
-0.01 0.5 1 79
-0.01 0.5 1 80
-0.01 0.5 1 81
-0.01 0.5 1 82
-0.01 0.5 1 83
-0.01 0.5 1 84
-0.01 0.5 1 85
-0.01 0.5 1 86
-0.01 0.5 1 87
-0.01 0.5 1 88
-0.01 0.5 1 89
-0.01 0.5 1 90
-0.01 0.5 1 91
-0.01 0.5 1 92
-0.01 0.5 1 93
-0.01 0.5 1 94
-0.01 0.5 1 95
-0.01 0.5 1 96
-0.01 0.5 1 97
-0.01 0.5 1 98
-0.01 0.5 1 99
-0.01 0.5 1 100
-0.01 0.5 0.95 1
-0.01 0.5 0.95 2
-0.01 0.5 0.95 3
-0.01 0.5 0.95 4
-0.01 0.5 0.95 5
-0.01 0.5 0.95 6
-0.01 0.5 0.95 7
-0.01 0.5 0.95 8
-0.01 0.5 0.95 9
-0.01 0.5 0.95 10
-0.01 0.5 0.95 11
-0.01 0.5 0.95 12
-0.01 0.5 0.95 13
-0.01 0.5 0.95 14
-0.01 0.5 0.95 15
-0.01 0.5 0.95 16
-0.01 0.5 0.95 17
-0.01 0.5 0.95 18
-0.01 0.5 0.95 19
-0.01 0.5 0.95 20
-0.01 0.5 0.95 21
-0.01 0.5 0.95 22
-0.01 0.5 0.95 23
-0.01 0.5 0.95 24
-0.01 0.5 0.95 25
-0.01 0.5 0.95 26
-0.01 0.5 0.95 27
-0.01 0.5 0.95 28
-0.01 0.5 0.95 29
-0.01 0.5 0.95 30
-0.01 0.5 0.95 31
-0.01 0.5 0.95 32
-0.01 0.5 0.95 33
-0.01 0.5 0.95 34
-0.01 0.5 0.95 35
-0.01 0.5 0.95 36
-0.01 0.5 0.95 37
-0.01 0.5 0.95 38
-0.01 0.5 0.95 39
-0.01 0.5 0.95 40
-0.01 0.5 0.95 41
-0.01 0.5 0.95 42
-0.01 0.5 0.95 43
-0.01 0.5 0.95 44
-0.01 0.5 0.95 45
-0.01 0.5 0.95 46
-0.01 0.5 0.95 47
-0.01 0.5 0.95 48
-0.01 0.5 0.95 49
-0.01 0.5 0.95 50
-0.01 0.5 0.95 51
-0.01 0.5 0.95 52
-0.01 0.5 0.95 53
-0.01 0.5 0.95 54
-0.01 0.5 0.95 55
-0.01 0.5 0.95 56
-0.01 0.5 0.95 57
-0.01 0.5 0.95 58
-0.01 0.5 0.95 59
-0.01 0.5 0.95 60
-0.01 0.5 0.95 61
-0.01 0.5 0.95 62
-0.01 0.5 0.95 63
-0.01 0.5 0.95 64
-0.01 0.5 0.95 65
-0.01 0.5 0.95 66
-0.01 0.5 0.95 67
-0.01 0.5 0.95 68
-0.01 0.5 0.95 69
-0.01 0.5 0.95 70
-0.01 0.5 0.95 71
-0.01 0.5 0.95 72
-0.01 0.5 0.95 73
-0.01 0.5 0.95 74
-0.01 0.5 0.95 75
-0.01 0.5 0.95 76
-0.01 0.5 0.95 77
-0.01 0.5 0.95 78
-0.01 0.5 0.95 79
-0.01 0.5 0.95 80
-0.01 0.5 0.95 81
-0.01 0.5 0.95 82
-0.01 0.5 0.95 83
-0.01 0.5 0.95 84
-0.01 0.5 0.95 85
-0.01 0.5 0.95 86
-0.01 0.5 0.95 87
-0.01 0.5 0.95 88
-0.01 0.5 0.95 89
-0.01 0.5 0.95 90
-0.01 0.5 0.95 91
-0.01 0.5 0.95 92
-0.01 0.5 0.95 93
-0.01 0.5 0.95 94
-0.01 0.5 0.95 95
-0.01 0.5 0.95 96
-0.01 0.5 0.95 97
-0.01 0.5 0.95 98
-0.01 0.5 0.95 99
-0.01 0.5 0.95 100
-0.01 0.5 0.99 1
-0.01 0.5 0.99 2
-0.01 0.5 0.99 3
-0.01 0.5 0.99 4
-0.01 0.5 0.99 5
-0.01 0.5 0.99 6
-0.01 0.5 0.99 7
-0.01 0.5 0.99 8
-0.01 0.5 0.99 9
-0.01 0.5 0.99 10
-0.01 0.5 0.99 11
-0.01 0.5 0.99 12
-0.01 0.5 0.99 13
-0.01 0.5 0.99 14
-0.01 0.5 0.99 15
-0.01 0.5 0.99 16
-0.01 0.5 0.99 17
-0.01 0.5 0.99 18
-0.01 0.5 0.99 19
-0.01 0.5 0.99 20
-0.01 0.5 0.99 21
-0.01 0.5 0.99 22
-0.01 0.5 0.99 23
-0.01 0.5 0.99 24
-0.01 0.5 0.99 25
-0.01 0.5 0.99 26
-0.01 0.5 0.99 27
-0.01 0.5 0.99 28
-0.01 0.5 0.99 29
-0.01 0.5 0.99 30
-0.01 0.5 0.99 31
-0.01 0.5 0.99 32
-0.01 0.5 0.99 33
-0.01 0.5 0.99 34
-0.01 0.5 0.99 35
-0.01 0.5 0.99 36
-0.01 0.5 0.99 37
-0.01 0.5 0.99 38
-0.01 0.5 0.99 39
-0.01 0.5 0.99 40
-0.01 0.5 0.99 41
-0.01 0.5 0.99 42
-0.01 0.5 0.99 43
-0.01 0.5 0.99 44
-0.01 0.5 0.99 45
-0.01 0.5 0.99 46
-0.01 0.5 0.99 47
-0.01 0.5 0.99 48
-0.01 0.5 0.99 49
-0.01 0.5 0.99 50
-0.01 0.5 0.99 51
-0.01 0.5 0.99 52
-0.01 0.5 0.99 53
-0.01 0.5 0.99 54
-0.01 0.5 0.99 55
-0.01 0.5 0.99 56
-0.01 0.5 0.99 57
-0.01 0.5 0.99 58
-0.01 0.5 0.99 59
-0.01 0.5 0.99 60
-0.01 0.5 0.99 61
-0.01 0.5 0.99 62
-0.01 0.5 0.99 63
-0.01 0.5 0.99 64
-0.01 0.5 0.99 65
-0.01 0.5 0.99 66
-0.01 0.5 0.99 67
-0.01 0.5 0.99 68
-0.01 0.5 0.99 69
-0.01 0.5 0.99 70
-0.01 0.5 0.99 71
-0.01 0.5 0.99 72
-0.01 0.5 0.99 73
-0.01 0.5 0.99 74
-0.01 0.5 0.99 75
-0.01 0.5 0.99 76
-0.01 0.5 0.99 77
-0.01 0.5 0.99 78
-0.01 0.5 0.99 79
-0.01 0.5 0.99 80
-0.01 0.5 0.99 81
-0.01 0.5 0.99 82
-0.01 0.5 0.99 83
-0.01 0.5 0.99 84
-0.01 0.5 0.99 85
-0.01 0.5 0.99 86
-0.01 0.5 0.99 87
-0.01 0.5 0.99 88
-0.01 0.5 0.99 89
-0.01 0.5 0.99 90
-0.01 0.5 0.99 91
-0.01 0.5 0.99 92
-0.01 0.5 0.99 93
-0.01 0.5 0.99 94
-0.01 0.5 0.99 95
-0.01 0.5 0.99 96
-0.01 0.5 0.99 97
-0.01 0.5 0.99 98
-0.01 0.5 0.99 99
-0.01 0.5 0.99 100
