-0.01 0.2 1e-13 100 1
-0.01 0.2 1e-13 100 2
-0.01 0.2 1e-13 100 3
-0.01 0.2 1e-12 100 1
-0.01 0.2 1e-12 100 2
-0.01 0.2 1e-12 100 3
-0.01 0.2 1e-11 100 1
-0.01 0.2 1e-11 100 2
-0.01 0.2 1e-11 100 3
-0.01 0.2 1e-10 100 1
-0.01 0.2 1e-10 100 2
-0.01 0.2 1e-10 100 3
-0.01 0.2 1e-09 100 1
-0.01 0.2 1e-09 100 2
-0.01 0.2 1e-09 100 3
-0.01 0.2 1e-08 100 1
-0.01 0.2 1e-08 100 2
-0.01 0.2 1e-08 100 3
-0.01 0.2 1e-07 100 1
-0.01 0.2 1e-07 100 2
-0.01 0.2 1e-07 100 3
-0.01 0.2 1e-06 100 1
-0.01 0.2 1e-06 100 2
-0.01 0.2 1e-06 100 3
-0.01 0.2 1e-05 100 1
-0.01 0.2 1e-05 100 2
-0.01 0.2 1e-05 100 3
-0.01 0.2 1e-04 100 1
-0.01 0.2 1e-04 100 2
-0.01 0.2 1e-04 100 3
-0.01 0.5 1e-13 100 1
-0.01 0.5 1e-13 100 2
-0.01 0.5 1e-13 100 3
-0.01 0.5 1e-12 100 1
-0.01 0.5 1e-12 100 2
-0.01 0.5 1e-12 100 3
-0.01 0.5 1e-11 100 1
-0.01 0.5 1e-11 100 2
-0.01 0.5 1e-11 100 3
-0.01 0.5 1e-10 100 1
-0.01 0.5 1e-10 100 2
-0.01 0.5 1e-10 100 3
-0.01 0.5 1e-09 100 1
-0.01 0.5 1e-09 100 2
-0.01 0.5 1e-09 100 3
-0.01 0.5 1e-08 100 1
-0.01 0.5 1e-08 100 2
-0.01 0.5 1e-08 100 3
-0.01 0.5 1e-07 100 1
-0.01 0.5 1e-07 100 2
-0.01 0.5 1e-07 100 3
-0.01 0.5 1e-06 100 1
-0.01 0.5 1e-06 100 2
-0.01 0.5 1e-06 100 3
-0.01 0.5 1e-05 100 1
-0.01 0.5 1e-05 100 2
-0.01 0.5 1e-05 100 3
-0.01 0.5 1e-04 100 1
-0.01 0.5 1e-04 100 2
-0.01 0.5 1e-04 100 3
