-0.01 0.2 1e-10 1000 1
-0.01 0.2 1e-10 1000 2
-0.01 0.2 1e-10 1000 3
-0.01 0.2 1e-10 1000 4
-0.01 0.2 1e-10 1000 5
-0.01 0.2 1e-10 1000 6
-0.01 0.2 1e-10 1000 7
-0.01 0.2 1e-10 1000 8
-0.01 0.2 1e-10 1000 9
-0.01 0.2 1e-10 1000 10
-0.01 0.2 1e-10 1000 11
-0.01 0.2 1e-10 1000 12
-0.01 0.2 1e-10 1000 13
-0.01 0.2 1e-10 1000 14
-0.01 0.2 1e-10 1000 15
-0.01 0.2 1e-10 1000 16
-0.01 0.2 1e-10 1000 17
-0.01 0.2 1e-10 1000 18
-0.01 0.2 1e-10 1000 19
-0.01 0.2 1e-10 1000 20
-0.01 0.2 1e-10 1000 21
-0.01 0.2 1e-10 1000 22
-0.01 0.2 1e-10 1000 23
-0.01 0.2 1e-10 1000 24
-0.01 0.2 1e-10 1000 25
-0.01 0.2 1e-10 1000 26
-0.01 0.2 1e-10 1000 27
-0.01 0.2 1e-10 1000 28
-0.01 0.2 1e-10 1000 29
-0.01 0.2 1e-10 1000 30
-0.01 0.2 1e-10 1000 31
-0.01 0.2 1e-10 1000 32
-0.01 0.2 1e-10 1000 33
-0.01 0.2 1e-10 1000 34
-0.01 0.2 1e-10 1000 35
-0.01 0.2 1e-10 1000 36
-0.01 0.2 1e-10 1000 37
-0.01 0.2 1e-10 1000 38
-0.01 0.2 1e-10 1000 39
-0.01 0.2 1e-10 1000 40
-0.01 0.2 1e-10 1000 41
-0.01 0.2 1e-10 1000 42
-0.01 0.2 1e-10 1000 43
-0.01 0.2 1e-10 1000 44
-0.01 0.2 1e-10 1000 45
-0.01 0.2 1e-10 1000 46
-0.01 0.2 1e-10 1000 47
-0.01 0.2 1e-10 1000 48
-0.01 0.2 1e-10 1000 49
-0.01 0.2 1e-10 1000 50
-0.01 0.2 1e-10 1000 51
-0.01 0.2 1e-10 1000 52
-0.01 0.2 1e-10 1000 53
-0.01 0.2 1e-10 1000 54
-0.01 0.2 1e-10 1000 55
-0.01 0.2 1e-10 1000 56
-0.01 0.2 1e-10 1000 57
-0.01 0.2 1e-10 1000 58
-0.01 0.2 1e-10 1000 59
-0.01 0.2 1e-10 1000 60
-0.01 0.2 1e-10 1000 61
-0.01 0.2 1e-10 1000 62
-0.01 0.2 1e-10 1000 63
-0.01 0.2 1e-10 1000 64
-0.01 0.2 1e-10 1000 65
-0.01 0.2 1e-10 1000 66
-0.01 0.2 1e-10 1000 67
-0.01 0.2 1e-10 1000 68
-0.01 0.2 1e-10 1000 69
-0.01 0.2 1e-10 1000 70
-0.01 0.2 1e-10 1000 71
-0.01 0.2 1e-10 1000 72
-0.01 0.2 1e-10 1000 73
-0.01 0.2 1e-10 1000 74
-0.01 0.2 1e-10 1000 75
-0.01 0.2 1e-10 1000 76
-0.01 0.2 1e-10 1000 77
-0.01 0.2 1e-10 1000 78
-0.01 0.2 1e-10 1000 79
-0.01 0.2 1e-10 1000 80
-0.01 0.2 1e-10 1000 81
-0.01 0.2 1e-10 1000 82
-0.01 0.2 1e-10 1000 83
-0.01 0.2 1e-10 1000 84
-0.01 0.2 1e-10 1000 85
-0.01 0.2 1e-10 1000 86
-0.01 0.2 1e-10 1000 87
-0.01 0.2 1e-10 1000 88
-0.01 0.2 1e-10 1000 89
-0.01 0.2 1e-10 1000 90
-0.01 0.2 1e-10 1000 91
-0.01 0.2 1e-10 1000 92
-0.01 0.2 1e-10 1000 93
-0.01 0.2 1e-10 1000 94
-0.01 0.2 1e-10 1000 95
-0.01 0.2 1e-10 1000 96
-0.01 0.2 1e-10 1000 97
-0.01 0.2 1e-10 1000 98
-0.01 0.2 1e-10 1000 99
-0.01 0.2 1e-10 1000 100
-0.01 0.2 1e-08 1000 1
-0.01 0.2 1e-08 1000 2
-0.01 0.2 1e-08 1000 3
-0.01 0.2 1e-08 1000 4
-0.01 0.2 1e-08 1000 5
-0.01 0.2 1e-08 1000 6
-0.01 0.2 1e-08 1000 7
-0.01 0.2 1e-08 1000 8
-0.01 0.2 1e-08 1000 9
-0.01 0.2 1e-08 1000 10
-0.01 0.2 1e-08 1000 11
-0.01 0.2 1e-08 1000 12
-0.01 0.2 1e-08 1000 13
-0.01 0.2 1e-08 1000 14
-0.01 0.2 1e-08 1000 15
-0.01 0.2 1e-08 1000 16
-0.01 0.2 1e-08 1000 17
-0.01 0.2 1e-08 1000 18
-0.01 0.2 1e-08 1000 19
-0.01 0.2 1e-08 1000 20
-0.01 0.2 1e-08 1000 21
-0.01 0.2 1e-08 1000 22
-0.01 0.2 1e-08 1000 23
-0.01 0.2 1e-08 1000 24
-0.01 0.2 1e-08 1000 25
-0.01 0.2 1e-08 1000 26
-0.01 0.2 1e-08 1000 27
-0.01 0.2 1e-08 1000 28
-0.01 0.2 1e-08 1000 29
-0.01 0.2 1e-08 1000 30
-0.01 0.2 1e-08 1000 31
-0.01 0.2 1e-08 1000 32
-0.01 0.2 1e-08 1000 33
-0.01 0.2 1e-08 1000 34
-0.01 0.2 1e-08 1000 35
-0.01 0.2 1e-08 1000 36
-0.01 0.2 1e-08 1000 37
-0.01 0.2 1e-08 1000 38
-0.01 0.2 1e-08 1000 39
-0.01 0.2 1e-08 1000 40
-0.01 0.2 1e-08 1000 41
-0.01 0.2 1e-08 1000 42
-0.01 0.2 1e-08 1000 43
-0.01 0.2 1e-08 1000 44
-0.01 0.2 1e-08 1000 45
-0.01 0.2 1e-08 1000 46
-0.01 0.2 1e-08 1000 47
-0.01 0.2 1e-08 1000 48
-0.01 0.2 1e-08 1000 49
-0.01 0.2 1e-08 1000 50
-0.01 0.2 1e-08 1000 51
-0.01 0.2 1e-08 1000 52
-0.01 0.2 1e-08 1000 53
-0.01 0.2 1e-08 1000 54
-0.01 0.2 1e-08 1000 55
-0.01 0.2 1e-08 1000 56
-0.01 0.2 1e-08 1000 57
-0.01 0.2 1e-08 1000 58
-0.01 0.2 1e-08 1000 59
-0.01 0.2 1e-08 1000 60
-0.01 0.2 1e-08 1000 61
-0.01 0.2 1e-08 1000 62
-0.01 0.2 1e-08 1000 63
-0.01 0.2 1e-08 1000 64
-0.01 0.2 1e-08 1000 65
-0.01 0.2 1e-08 1000 66
-0.01 0.2 1e-08 1000 67
-0.01 0.2 1e-08 1000 68
-0.01 0.2 1e-08 1000 69
-0.01 0.2 1e-08 1000 70
-0.01 0.2 1e-08 1000 71
-0.01 0.2 1e-08 1000 72
-0.01 0.2 1e-08 1000 73
-0.01 0.2 1e-08 1000 74
-0.01 0.2 1e-08 1000 75
-0.01 0.2 1e-08 1000 76
-0.01 0.2 1e-08 1000 77
-0.01 0.2 1e-08 1000 78
-0.01 0.2 1e-08 1000 79
-0.01 0.2 1e-08 1000 80
-0.01 0.2 1e-08 1000 81
-0.01 0.2 1e-08 1000 82
-0.01 0.2 1e-08 1000 83
-0.01 0.2 1e-08 1000 84
-0.01 0.2 1e-08 1000 85
-0.01 0.2 1e-08 1000 86
-0.01 0.2 1e-08 1000 87
-0.01 0.2 1e-08 1000 88
-0.01 0.2 1e-08 1000 89
-0.01 0.2 1e-08 1000 90
-0.01 0.2 1e-08 1000 91
-0.01 0.2 1e-08 1000 92
-0.01 0.2 1e-08 1000 93
-0.01 0.2 1e-08 1000 94
-0.01 0.2 1e-08 1000 95
-0.01 0.2 1e-08 1000 96
-0.01 0.2 1e-08 1000 97
-0.01 0.2 1e-08 1000 98
-0.01 0.2 1e-08 1000 99
-0.01 0.2 1e-08 1000 100
-0.01 0.2 1e-06 1000 1
-0.01 0.2 1e-06 1000 2
-0.01 0.2 1e-06 1000 3
-0.01 0.2 1e-06 1000 4
-0.01 0.2 1e-06 1000 5
-0.01 0.2 1e-06 1000 6
-0.01 0.2 1e-06 1000 7
-0.01 0.2 1e-06 1000 8
-0.01 0.2 1e-06 1000 9
-0.01 0.2 1e-06 1000 10
-0.01 0.2 1e-06 1000 11
-0.01 0.2 1e-06 1000 12
-0.01 0.2 1e-06 1000 13
-0.01 0.2 1e-06 1000 14
-0.01 0.2 1e-06 1000 15
-0.01 0.2 1e-06 1000 16
-0.01 0.2 1e-06 1000 17
-0.01 0.2 1e-06 1000 18
-0.01 0.2 1e-06 1000 19
-0.01 0.2 1e-06 1000 20
-0.01 0.2 1e-06 1000 21
-0.01 0.2 1e-06 1000 22
-0.01 0.2 1e-06 1000 23
-0.01 0.2 1e-06 1000 24
-0.01 0.2 1e-06 1000 25
-0.01 0.2 1e-06 1000 26
-0.01 0.2 1e-06 1000 27
-0.01 0.2 1e-06 1000 28
-0.01 0.2 1e-06 1000 29
-0.01 0.2 1e-06 1000 30
-0.01 0.2 1e-06 1000 31
-0.01 0.2 1e-06 1000 32
-0.01 0.2 1e-06 1000 33
-0.01 0.2 1e-06 1000 34
-0.01 0.2 1e-06 1000 35
-0.01 0.2 1e-06 1000 36
-0.01 0.2 1e-06 1000 37
-0.01 0.2 1e-06 1000 38
-0.01 0.2 1e-06 1000 39
-0.01 0.2 1e-06 1000 40
-0.01 0.2 1e-06 1000 41
-0.01 0.2 1e-06 1000 42
-0.01 0.2 1e-06 1000 43
-0.01 0.2 1e-06 1000 44
-0.01 0.2 1e-06 1000 45
-0.01 0.2 1e-06 1000 46
-0.01 0.2 1e-06 1000 47
-0.01 0.2 1e-06 1000 48
-0.01 0.2 1e-06 1000 49
-0.01 0.2 1e-06 1000 50
-0.01 0.2 1e-06 1000 51
-0.01 0.2 1e-06 1000 52
-0.01 0.2 1e-06 1000 53
-0.01 0.2 1e-06 1000 54
-0.01 0.2 1e-06 1000 55
-0.01 0.2 1e-06 1000 56
-0.01 0.2 1e-06 1000 57
-0.01 0.2 1e-06 1000 58
-0.01 0.2 1e-06 1000 59
-0.01 0.2 1e-06 1000 60
-0.01 0.2 1e-06 1000 61
-0.01 0.2 1e-06 1000 62
-0.01 0.2 1e-06 1000 63
-0.01 0.2 1e-06 1000 64
-0.01 0.2 1e-06 1000 65
-0.01 0.2 1e-06 1000 66
-0.01 0.2 1e-06 1000 67
-0.01 0.2 1e-06 1000 68
-0.01 0.2 1e-06 1000 69
-0.01 0.2 1e-06 1000 70
-0.01 0.2 1e-06 1000 71
-0.01 0.2 1e-06 1000 72
-0.01 0.2 1e-06 1000 73
-0.01 0.2 1e-06 1000 74
-0.01 0.2 1e-06 1000 75
-0.01 0.2 1e-06 1000 76
-0.01 0.2 1e-06 1000 77
-0.01 0.2 1e-06 1000 78
-0.01 0.2 1e-06 1000 79
-0.01 0.2 1e-06 1000 80
-0.01 0.2 1e-06 1000 81
-0.01 0.2 1e-06 1000 82
-0.01 0.2 1e-06 1000 83
-0.01 0.2 1e-06 1000 84
-0.01 0.2 1e-06 1000 85
-0.01 0.2 1e-06 1000 86
-0.01 0.2 1e-06 1000 87
-0.01 0.2 1e-06 1000 88
-0.01 0.2 1e-06 1000 89
-0.01 0.2 1e-06 1000 90
-0.01 0.2 1e-06 1000 91
-0.01 0.2 1e-06 1000 92
-0.01 0.2 1e-06 1000 93
-0.01 0.2 1e-06 1000 94
-0.01 0.2 1e-06 1000 95
-0.01 0.2 1e-06 1000 96
-0.01 0.2 1e-06 1000 97
-0.01 0.2 1e-06 1000 98
-0.01 0.2 1e-06 1000 99
-0.01 0.2 1e-06 1000 100
-0.01 0.2 1e-04 1000 1
-0.01 0.2 1e-04 1000 2
-0.01 0.2 1e-04 1000 3
-0.01 0.2 1e-04 1000 4
-0.01 0.2 1e-04 1000 5
-0.01 0.2 1e-04 1000 6
-0.01 0.2 1e-04 1000 7
-0.01 0.2 1e-04 1000 8
-0.01 0.2 1e-04 1000 9
-0.01 0.2 1e-04 1000 10
-0.01 0.2 1e-04 1000 11
-0.01 0.2 1e-04 1000 12
-0.01 0.2 1e-04 1000 13
-0.01 0.2 1e-04 1000 14
-0.01 0.2 1e-04 1000 15
-0.01 0.2 1e-04 1000 16
-0.01 0.2 1e-04 1000 17
-0.01 0.2 1e-04 1000 18
-0.01 0.2 1e-04 1000 19
-0.01 0.2 1e-04 1000 20
-0.01 0.2 1e-04 1000 21
-0.01 0.2 1e-04 1000 22
-0.01 0.2 1e-04 1000 23
-0.01 0.2 1e-04 1000 24
-0.01 0.2 1e-04 1000 25
-0.01 0.2 1e-04 1000 26
-0.01 0.2 1e-04 1000 27
-0.01 0.2 1e-04 1000 28
-0.01 0.2 1e-04 1000 29
-0.01 0.2 1e-04 1000 30
-0.01 0.2 1e-04 1000 31
-0.01 0.2 1e-04 1000 32
-0.01 0.2 1e-04 1000 33
-0.01 0.2 1e-04 1000 34
-0.01 0.2 1e-04 1000 35
-0.01 0.2 1e-04 1000 36
-0.01 0.2 1e-04 1000 37
-0.01 0.2 1e-04 1000 38
-0.01 0.2 1e-04 1000 39
-0.01 0.2 1e-04 1000 40
-0.01 0.2 1e-04 1000 41
-0.01 0.2 1e-04 1000 42
-0.01 0.2 1e-04 1000 43
-0.01 0.2 1e-04 1000 44
-0.01 0.2 1e-04 1000 45
-0.01 0.2 1e-04 1000 46
-0.01 0.2 1e-04 1000 47
-0.01 0.2 1e-04 1000 48
-0.01 0.2 1e-04 1000 49
-0.01 0.2 1e-04 1000 50
-0.01 0.2 1e-04 1000 51
-0.01 0.2 1e-04 1000 52
-0.01 0.2 1e-04 1000 53
-0.01 0.2 1e-04 1000 54
-0.01 0.2 1e-04 1000 55
-0.01 0.2 1e-04 1000 56
-0.01 0.2 1e-04 1000 57
-0.01 0.2 1e-04 1000 58
-0.01 0.2 1e-04 1000 59
-0.01 0.2 1e-04 1000 60
-0.01 0.2 1e-04 1000 61
-0.01 0.2 1e-04 1000 62
-0.01 0.2 1e-04 1000 63
-0.01 0.2 1e-04 1000 64
-0.01 0.2 1e-04 1000 65
-0.01 0.2 1e-04 1000 66
-0.01 0.2 1e-04 1000 67
-0.01 0.2 1e-04 1000 68
-0.01 0.2 1e-04 1000 69
-0.01 0.2 1e-04 1000 70
-0.01 0.2 1e-04 1000 71
-0.01 0.2 1e-04 1000 72
-0.01 0.2 1e-04 1000 73
-0.01 0.2 1e-04 1000 74
-0.01 0.2 1e-04 1000 75
-0.01 0.2 1e-04 1000 76
-0.01 0.2 1e-04 1000 77
-0.01 0.2 1e-04 1000 78
-0.01 0.2 1e-04 1000 79
-0.01 0.2 1e-04 1000 80
-0.01 0.2 1e-04 1000 81
-0.01 0.2 1e-04 1000 82
-0.01 0.2 1e-04 1000 83
-0.01 0.2 1e-04 1000 84
-0.01 0.2 1e-04 1000 85
-0.01 0.2 1e-04 1000 86
-0.01 0.2 1e-04 1000 87
-0.01 0.2 1e-04 1000 88
-0.01 0.2 1e-04 1000 89
-0.01 0.2 1e-04 1000 90
-0.01 0.2 1e-04 1000 91
-0.01 0.2 1e-04 1000 92
-0.01 0.2 1e-04 1000 93
-0.01 0.2 1e-04 1000 94
-0.01 0.2 1e-04 1000 95
-0.01 0.2 1e-04 1000 96
-0.01 0.2 1e-04 1000 97
-0.01 0.2 1e-04 1000 98
-0.01 0.2 1e-04 1000 99
-0.01 0.2 1e-04 1000 100
-0.01 0.5 1e-10 1000 1
-0.01 0.5 1e-10 1000 2
-0.01 0.5 1e-10 1000 3
-0.01 0.5 1e-10 1000 4
-0.01 0.5 1e-10 1000 5
-0.01 0.5 1e-10 1000 6
-0.01 0.5 1e-10 1000 7
-0.01 0.5 1e-10 1000 8
-0.01 0.5 1e-10 1000 9
-0.01 0.5 1e-10 1000 10
-0.01 0.5 1e-10 1000 11
-0.01 0.5 1e-10 1000 12
-0.01 0.5 1e-10 1000 13
-0.01 0.5 1e-10 1000 14
-0.01 0.5 1e-10 1000 15
-0.01 0.5 1e-10 1000 16
-0.01 0.5 1e-10 1000 17
-0.01 0.5 1e-10 1000 18
-0.01 0.5 1e-10 1000 19
-0.01 0.5 1e-10 1000 20
-0.01 0.5 1e-10 1000 21
-0.01 0.5 1e-10 1000 22
-0.01 0.5 1e-10 1000 23
-0.01 0.5 1e-10 1000 24
-0.01 0.5 1e-10 1000 25
-0.01 0.5 1e-10 1000 26
-0.01 0.5 1e-10 1000 27
-0.01 0.5 1e-10 1000 28
-0.01 0.5 1e-10 1000 29
-0.01 0.5 1e-10 1000 30
-0.01 0.5 1e-10 1000 31
-0.01 0.5 1e-10 1000 32
-0.01 0.5 1e-10 1000 33
-0.01 0.5 1e-10 1000 34
-0.01 0.5 1e-10 1000 35
-0.01 0.5 1e-10 1000 36
-0.01 0.5 1e-10 1000 37
-0.01 0.5 1e-10 1000 38
-0.01 0.5 1e-10 1000 39
-0.01 0.5 1e-10 1000 40
-0.01 0.5 1e-10 1000 41
-0.01 0.5 1e-10 1000 42
-0.01 0.5 1e-10 1000 43
-0.01 0.5 1e-10 1000 44
-0.01 0.5 1e-10 1000 45
-0.01 0.5 1e-10 1000 46
-0.01 0.5 1e-10 1000 47
-0.01 0.5 1e-10 1000 48
-0.01 0.5 1e-10 1000 49
-0.01 0.5 1e-10 1000 50
-0.01 0.5 1e-10 1000 51
-0.01 0.5 1e-10 1000 52
-0.01 0.5 1e-10 1000 53
-0.01 0.5 1e-10 1000 54
-0.01 0.5 1e-10 1000 55
-0.01 0.5 1e-10 1000 56
-0.01 0.5 1e-10 1000 57
-0.01 0.5 1e-10 1000 58
-0.01 0.5 1e-10 1000 59
-0.01 0.5 1e-10 1000 60
-0.01 0.5 1e-10 1000 61
-0.01 0.5 1e-10 1000 62
-0.01 0.5 1e-10 1000 63
-0.01 0.5 1e-10 1000 64
-0.01 0.5 1e-10 1000 65
-0.01 0.5 1e-10 1000 66
-0.01 0.5 1e-10 1000 67
-0.01 0.5 1e-10 1000 68
-0.01 0.5 1e-10 1000 69
-0.01 0.5 1e-10 1000 70
-0.01 0.5 1e-10 1000 71
-0.01 0.5 1e-10 1000 72
-0.01 0.5 1e-10 1000 73
-0.01 0.5 1e-10 1000 74
-0.01 0.5 1e-10 1000 75
-0.01 0.5 1e-10 1000 76
-0.01 0.5 1e-10 1000 77
-0.01 0.5 1e-10 1000 78
-0.01 0.5 1e-10 1000 79
-0.01 0.5 1e-10 1000 80
-0.01 0.5 1e-10 1000 81
-0.01 0.5 1e-10 1000 82
-0.01 0.5 1e-10 1000 83
-0.01 0.5 1e-10 1000 84
-0.01 0.5 1e-10 1000 85
-0.01 0.5 1e-10 1000 86
-0.01 0.5 1e-10 1000 87
-0.01 0.5 1e-10 1000 88
-0.01 0.5 1e-10 1000 89
-0.01 0.5 1e-10 1000 90
-0.01 0.5 1e-10 1000 91
-0.01 0.5 1e-10 1000 92
-0.01 0.5 1e-10 1000 93
-0.01 0.5 1e-10 1000 94
-0.01 0.5 1e-10 1000 95
-0.01 0.5 1e-10 1000 96
-0.01 0.5 1e-10 1000 97
-0.01 0.5 1e-10 1000 98
-0.01 0.5 1e-10 1000 99
-0.01 0.5 1e-10 1000 100
-0.01 0.5 1e-08 1000 1
-0.01 0.5 1e-08 1000 2
-0.01 0.5 1e-08 1000 3
-0.01 0.5 1e-08 1000 4
-0.01 0.5 1e-08 1000 5
-0.01 0.5 1e-08 1000 6
-0.01 0.5 1e-08 1000 7
-0.01 0.5 1e-08 1000 8
-0.01 0.5 1e-08 1000 9
-0.01 0.5 1e-08 1000 10
-0.01 0.5 1e-08 1000 11
-0.01 0.5 1e-08 1000 12
-0.01 0.5 1e-08 1000 13
-0.01 0.5 1e-08 1000 14
-0.01 0.5 1e-08 1000 15
-0.01 0.5 1e-08 1000 16
-0.01 0.5 1e-08 1000 17
-0.01 0.5 1e-08 1000 18
-0.01 0.5 1e-08 1000 19
-0.01 0.5 1e-08 1000 20
-0.01 0.5 1e-08 1000 21
-0.01 0.5 1e-08 1000 22
-0.01 0.5 1e-08 1000 23
-0.01 0.5 1e-08 1000 24
-0.01 0.5 1e-08 1000 25
-0.01 0.5 1e-08 1000 26
-0.01 0.5 1e-08 1000 27
-0.01 0.5 1e-08 1000 28
-0.01 0.5 1e-08 1000 29
-0.01 0.5 1e-08 1000 30
-0.01 0.5 1e-08 1000 31
-0.01 0.5 1e-08 1000 32
-0.01 0.5 1e-08 1000 33
-0.01 0.5 1e-08 1000 34
-0.01 0.5 1e-08 1000 35
-0.01 0.5 1e-08 1000 36
-0.01 0.5 1e-08 1000 37
-0.01 0.5 1e-08 1000 38
-0.01 0.5 1e-08 1000 39
-0.01 0.5 1e-08 1000 40
-0.01 0.5 1e-08 1000 41
-0.01 0.5 1e-08 1000 42
-0.01 0.5 1e-08 1000 43
-0.01 0.5 1e-08 1000 44
-0.01 0.5 1e-08 1000 45
-0.01 0.5 1e-08 1000 46
-0.01 0.5 1e-08 1000 47
-0.01 0.5 1e-08 1000 48
-0.01 0.5 1e-08 1000 49
-0.01 0.5 1e-08 1000 50
-0.01 0.5 1e-08 1000 51
-0.01 0.5 1e-08 1000 52
-0.01 0.5 1e-08 1000 53
-0.01 0.5 1e-08 1000 54
-0.01 0.5 1e-08 1000 55
-0.01 0.5 1e-08 1000 56
-0.01 0.5 1e-08 1000 57
-0.01 0.5 1e-08 1000 58
-0.01 0.5 1e-08 1000 59
-0.01 0.5 1e-08 1000 60
-0.01 0.5 1e-08 1000 61
-0.01 0.5 1e-08 1000 62
-0.01 0.5 1e-08 1000 63
-0.01 0.5 1e-08 1000 64
-0.01 0.5 1e-08 1000 65
-0.01 0.5 1e-08 1000 66
-0.01 0.5 1e-08 1000 67
-0.01 0.5 1e-08 1000 68
-0.01 0.5 1e-08 1000 69
-0.01 0.5 1e-08 1000 70
-0.01 0.5 1e-08 1000 71
-0.01 0.5 1e-08 1000 72
-0.01 0.5 1e-08 1000 73
-0.01 0.5 1e-08 1000 74
-0.01 0.5 1e-08 1000 75
-0.01 0.5 1e-08 1000 76
-0.01 0.5 1e-08 1000 77
-0.01 0.5 1e-08 1000 78
-0.01 0.5 1e-08 1000 79
-0.01 0.5 1e-08 1000 80
-0.01 0.5 1e-08 1000 81
-0.01 0.5 1e-08 1000 82
-0.01 0.5 1e-08 1000 83
-0.01 0.5 1e-08 1000 84
-0.01 0.5 1e-08 1000 85
-0.01 0.5 1e-08 1000 86
-0.01 0.5 1e-08 1000 87
-0.01 0.5 1e-08 1000 88
-0.01 0.5 1e-08 1000 89
-0.01 0.5 1e-08 1000 90
-0.01 0.5 1e-08 1000 91
-0.01 0.5 1e-08 1000 92
-0.01 0.5 1e-08 1000 93
-0.01 0.5 1e-08 1000 94
-0.01 0.5 1e-08 1000 95
-0.01 0.5 1e-08 1000 96
-0.01 0.5 1e-08 1000 97
-0.01 0.5 1e-08 1000 98
-0.01 0.5 1e-08 1000 99
-0.01 0.5 1e-08 1000 100
-0.01 0.5 1e-06 1000 1
-0.01 0.5 1e-06 1000 2
-0.01 0.5 1e-06 1000 3
-0.01 0.5 1e-06 1000 4
-0.01 0.5 1e-06 1000 5
-0.01 0.5 1e-06 1000 6
-0.01 0.5 1e-06 1000 7
-0.01 0.5 1e-06 1000 8
-0.01 0.5 1e-06 1000 9
-0.01 0.5 1e-06 1000 10
-0.01 0.5 1e-06 1000 11
-0.01 0.5 1e-06 1000 12
-0.01 0.5 1e-06 1000 13
-0.01 0.5 1e-06 1000 14
-0.01 0.5 1e-06 1000 15
-0.01 0.5 1e-06 1000 16
-0.01 0.5 1e-06 1000 17
-0.01 0.5 1e-06 1000 18
-0.01 0.5 1e-06 1000 19
-0.01 0.5 1e-06 1000 20
-0.01 0.5 1e-06 1000 21
-0.01 0.5 1e-06 1000 22
-0.01 0.5 1e-06 1000 23
-0.01 0.5 1e-06 1000 24
-0.01 0.5 1e-06 1000 25
-0.01 0.5 1e-06 1000 26
-0.01 0.5 1e-06 1000 27
-0.01 0.5 1e-06 1000 28
-0.01 0.5 1e-06 1000 29
-0.01 0.5 1e-06 1000 30
-0.01 0.5 1e-06 1000 31
-0.01 0.5 1e-06 1000 32
-0.01 0.5 1e-06 1000 33
-0.01 0.5 1e-06 1000 34
-0.01 0.5 1e-06 1000 35
-0.01 0.5 1e-06 1000 36
-0.01 0.5 1e-06 1000 37
-0.01 0.5 1e-06 1000 38
-0.01 0.5 1e-06 1000 39
-0.01 0.5 1e-06 1000 40
-0.01 0.5 1e-06 1000 41
-0.01 0.5 1e-06 1000 42
-0.01 0.5 1e-06 1000 43
-0.01 0.5 1e-06 1000 44
-0.01 0.5 1e-06 1000 45
-0.01 0.5 1e-06 1000 46
-0.01 0.5 1e-06 1000 47
-0.01 0.5 1e-06 1000 48
-0.01 0.5 1e-06 1000 49
-0.01 0.5 1e-06 1000 50
-0.01 0.5 1e-06 1000 51
-0.01 0.5 1e-06 1000 52
-0.01 0.5 1e-06 1000 53
-0.01 0.5 1e-06 1000 54
-0.01 0.5 1e-06 1000 55
-0.01 0.5 1e-06 1000 56
-0.01 0.5 1e-06 1000 57
-0.01 0.5 1e-06 1000 58
-0.01 0.5 1e-06 1000 59
-0.01 0.5 1e-06 1000 60
-0.01 0.5 1e-06 1000 61
-0.01 0.5 1e-06 1000 62
-0.01 0.5 1e-06 1000 63
-0.01 0.5 1e-06 1000 64
-0.01 0.5 1e-06 1000 65
-0.01 0.5 1e-06 1000 66
-0.01 0.5 1e-06 1000 67
-0.01 0.5 1e-06 1000 68
-0.01 0.5 1e-06 1000 69
-0.01 0.5 1e-06 1000 70
-0.01 0.5 1e-06 1000 71
-0.01 0.5 1e-06 1000 72
-0.01 0.5 1e-06 1000 73
-0.01 0.5 1e-06 1000 74
-0.01 0.5 1e-06 1000 75
-0.01 0.5 1e-06 1000 76
-0.01 0.5 1e-06 1000 77
-0.01 0.5 1e-06 1000 78
-0.01 0.5 1e-06 1000 79
-0.01 0.5 1e-06 1000 80
-0.01 0.5 1e-06 1000 81
-0.01 0.5 1e-06 1000 82
-0.01 0.5 1e-06 1000 83
-0.01 0.5 1e-06 1000 84
-0.01 0.5 1e-06 1000 85
-0.01 0.5 1e-06 1000 86
-0.01 0.5 1e-06 1000 87
-0.01 0.5 1e-06 1000 88
-0.01 0.5 1e-06 1000 89
-0.01 0.5 1e-06 1000 90
-0.01 0.5 1e-06 1000 91
-0.01 0.5 1e-06 1000 92
-0.01 0.5 1e-06 1000 93
-0.01 0.5 1e-06 1000 94
-0.01 0.5 1e-06 1000 95
-0.01 0.5 1e-06 1000 96
-0.01 0.5 1e-06 1000 97
-0.01 0.5 1e-06 1000 98
-0.01 0.5 1e-06 1000 99
-0.01 0.5 1e-06 1000 100
-0.01 0.5 1e-04 1000 1
-0.01 0.5 1e-04 1000 2
-0.01 0.5 1e-04 1000 3
-0.01 0.5 1e-04 1000 4
-0.01 0.5 1e-04 1000 5
-0.01 0.5 1e-04 1000 6
-0.01 0.5 1e-04 1000 7
-0.01 0.5 1e-04 1000 8
-0.01 0.5 1e-04 1000 9
-0.01 0.5 1e-04 1000 10
-0.01 0.5 1e-04 1000 11
-0.01 0.5 1e-04 1000 12
-0.01 0.5 1e-04 1000 13
-0.01 0.5 1e-04 1000 14
-0.01 0.5 1e-04 1000 15
-0.01 0.5 1e-04 1000 16
-0.01 0.5 1e-04 1000 17
-0.01 0.5 1e-04 1000 18
-0.01 0.5 1e-04 1000 19
-0.01 0.5 1e-04 1000 20
-0.01 0.5 1e-04 1000 21
-0.01 0.5 1e-04 1000 22
-0.01 0.5 1e-04 1000 23
-0.01 0.5 1e-04 1000 24
-0.01 0.5 1e-04 1000 25
-0.01 0.5 1e-04 1000 26
-0.01 0.5 1e-04 1000 27
-0.01 0.5 1e-04 1000 28
-0.01 0.5 1e-04 1000 29
-0.01 0.5 1e-04 1000 30
-0.01 0.5 1e-04 1000 31
-0.01 0.5 1e-04 1000 32
-0.01 0.5 1e-04 1000 33
-0.01 0.5 1e-04 1000 34
-0.01 0.5 1e-04 1000 35
-0.01 0.5 1e-04 1000 36
-0.01 0.5 1e-04 1000 37
-0.01 0.5 1e-04 1000 38
-0.01 0.5 1e-04 1000 39
-0.01 0.5 1e-04 1000 40
-0.01 0.5 1e-04 1000 41
-0.01 0.5 1e-04 1000 42
-0.01 0.5 1e-04 1000 43
-0.01 0.5 1e-04 1000 44
-0.01 0.5 1e-04 1000 45
-0.01 0.5 1e-04 1000 46
-0.01 0.5 1e-04 1000 47
-0.01 0.5 1e-04 1000 48
-0.01 0.5 1e-04 1000 49
-0.01 0.5 1e-04 1000 50
-0.01 0.5 1e-04 1000 51
-0.01 0.5 1e-04 1000 52
-0.01 0.5 1e-04 1000 53
-0.01 0.5 1e-04 1000 54
-0.01 0.5 1e-04 1000 55
-0.01 0.5 1e-04 1000 56
-0.01 0.5 1e-04 1000 57
-0.01 0.5 1e-04 1000 58
-0.01 0.5 1e-04 1000 59
-0.01 0.5 1e-04 1000 60
-0.01 0.5 1e-04 1000 61
-0.01 0.5 1e-04 1000 62
-0.01 0.5 1e-04 1000 63
-0.01 0.5 1e-04 1000 64
-0.01 0.5 1e-04 1000 65
-0.01 0.5 1e-04 1000 66
-0.01 0.5 1e-04 1000 67
-0.01 0.5 1e-04 1000 68
-0.01 0.5 1e-04 1000 69
-0.01 0.5 1e-04 1000 70
-0.01 0.5 1e-04 1000 71
-0.01 0.5 1e-04 1000 72
-0.01 0.5 1e-04 1000 73
-0.01 0.5 1e-04 1000 74
-0.01 0.5 1e-04 1000 75
-0.01 0.5 1e-04 1000 76
-0.01 0.5 1e-04 1000 77
-0.01 0.5 1e-04 1000 78
-0.01 0.5 1e-04 1000 79
-0.01 0.5 1e-04 1000 80
-0.01 0.5 1e-04 1000 81
-0.01 0.5 1e-04 1000 82
-0.01 0.5 1e-04 1000 83
-0.01 0.5 1e-04 1000 84
-0.01 0.5 1e-04 1000 85
-0.01 0.5 1e-04 1000 86
-0.01 0.5 1e-04 1000 87
-0.01 0.5 1e-04 1000 88
-0.01 0.5 1e-04 1000 89
-0.01 0.5 1e-04 1000 90
-0.01 0.5 1e-04 1000 91
-0.01 0.5 1e-04 1000 92
-0.01 0.5 1e-04 1000 93
-0.01 0.5 1e-04 1000 94
-0.01 0.5 1e-04 1000 95
-0.01 0.5 1e-04 1000 96
-0.01 0.5 1e-04 1000 97
-0.01 0.5 1e-04 1000 98
-0.01 0.5 1e-04 1000 99
-0.01 0.5 1e-04 1000 100
