-0.01 0.2 1e-10 100 1
-0.01 0.2 1e-10 100 2
-0.01 0.2 1e-10 100 3
-0.01 0.2 1e-10 100 4
-0.01 0.2 1e-10 100 5
-0.01 0.2 1e-10 100 6
-0.01 0.2 1e-10 100 7
-0.01 0.2 1e-10 100 8
-0.01 0.2 1e-10 100 9
-0.01 0.2 1e-10 100 10
-0.01 0.2 1e-10 100 11
-0.01 0.2 1e-10 100 12
-0.01 0.2 1e-10 100 13
-0.01 0.2 1e-10 100 14
-0.01 0.2 1e-10 100 15
-0.01 0.2 1e-10 100 16
-0.01 0.2 1e-10 100 17
-0.01 0.2 1e-10 100 18
-0.01 0.2 1e-10 100 19
-0.01 0.2 1e-10 100 20
-0.01 0.2 1e-10 100 21
-0.01 0.2 1e-10 100 22
-0.01 0.2 1e-10 100 23
-0.01 0.2 1e-10 100 24
-0.01 0.2 1e-10 100 25
-0.01 0.2 1e-10 100 26
-0.01 0.2 1e-10 100 27
-0.01 0.2 1e-10 100 28
-0.01 0.2 1e-10 100 29
-0.01 0.2 1e-10 100 30
-0.01 0.2 1e-10 100 31
-0.01 0.2 1e-10 100 32
-0.01 0.2 1e-10 100 33
-0.01 0.2 1e-10 100 34
-0.01 0.2 1e-10 100 35
-0.01 0.2 1e-10 100 36
-0.01 0.2 1e-10 100 37
-0.01 0.2 1e-10 100 38
-0.01 0.2 1e-10 100 39
-0.01 0.2 1e-10 100 40
-0.01 0.2 1e-10 100 41
-0.01 0.2 1e-10 100 42
-0.01 0.2 1e-10 100 43
-0.01 0.2 1e-10 100 44
-0.01 0.2 1e-10 100 45
-0.01 0.2 1e-10 100 46
-0.01 0.2 1e-10 100 47
-0.01 0.2 1e-10 100 48
-0.01 0.2 1e-10 100 49
-0.01 0.2 1e-10 100 50
-0.01 0.2 1e-10 100 51
-0.01 0.2 1e-10 100 52
-0.01 0.2 1e-10 100 53
-0.01 0.2 1e-10 100 54
-0.01 0.2 1e-10 100 55
-0.01 0.2 1e-10 100 56
-0.01 0.2 1e-10 100 57
-0.01 0.2 1e-10 100 58
-0.01 0.2 1e-10 100 59
-0.01 0.2 1e-10 100 60
-0.01 0.2 1e-10 100 61
-0.01 0.2 1e-10 100 62
-0.01 0.2 1e-10 100 63
-0.01 0.2 1e-10 100 64
-0.01 0.2 1e-10 100 65
-0.01 0.2 1e-10 100 66
-0.01 0.2 1e-10 100 67
-0.01 0.2 1e-10 100 68
-0.01 0.2 1e-10 100 69
-0.01 0.2 1e-10 100 70
-0.01 0.2 1e-10 100 71
-0.01 0.2 1e-10 100 72
-0.01 0.2 1e-10 100 73
-0.01 0.2 1e-10 100 74
-0.01 0.2 1e-10 100 75
-0.01 0.2 1e-10 100 76
-0.01 0.2 1e-10 100 77
-0.01 0.2 1e-10 100 78
-0.01 0.2 1e-10 100 79
-0.01 0.2 1e-10 100 80
-0.01 0.2 1e-10 100 81
-0.01 0.2 1e-10 100 82
-0.01 0.2 1e-10 100 83
-0.01 0.2 1e-10 100 84
-0.01 0.2 1e-10 100 85
-0.01 0.2 1e-10 100 86
-0.01 0.2 1e-10 100 87
-0.01 0.2 1e-10 100 88
-0.01 0.2 1e-10 100 89
-0.01 0.2 1e-10 100 90
-0.01 0.2 1e-10 100 91
-0.01 0.2 1e-10 100 92
-0.01 0.2 1e-10 100 93
-0.01 0.2 1e-10 100 94
-0.01 0.2 1e-10 100 95
-0.01 0.2 1e-10 100 96
-0.01 0.2 1e-10 100 97
-0.01 0.2 1e-10 100 98
-0.01 0.2 1e-10 100 99
-0.01 0.2 1e-10 100 100
-0.01 0.2 1e-09 100 1
-0.01 0.2 1e-09 100 2
-0.01 0.2 1e-09 100 3
-0.01 0.2 1e-09 100 4
-0.01 0.2 1e-09 100 5
-0.01 0.2 1e-09 100 6
-0.01 0.2 1e-09 100 7
-0.01 0.2 1e-09 100 8
-0.01 0.2 1e-09 100 9
-0.01 0.2 1e-09 100 10
-0.01 0.2 1e-09 100 11
-0.01 0.2 1e-09 100 12
-0.01 0.2 1e-09 100 13
-0.01 0.2 1e-09 100 14
-0.01 0.2 1e-09 100 15
-0.01 0.2 1e-09 100 16
-0.01 0.2 1e-09 100 17
-0.01 0.2 1e-09 100 18
-0.01 0.2 1e-09 100 19
-0.01 0.2 1e-09 100 20
-0.01 0.2 1e-09 100 21
-0.01 0.2 1e-09 100 22
-0.01 0.2 1e-09 100 23
-0.01 0.2 1e-09 100 24
-0.01 0.2 1e-09 100 25
-0.01 0.2 1e-09 100 26
-0.01 0.2 1e-09 100 27
-0.01 0.2 1e-09 100 28
-0.01 0.2 1e-09 100 29
-0.01 0.2 1e-09 100 30
-0.01 0.2 1e-09 100 31
-0.01 0.2 1e-09 100 32
-0.01 0.2 1e-09 100 33
-0.01 0.2 1e-09 100 34
-0.01 0.2 1e-09 100 35
-0.01 0.2 1e-09 100 36
-0.01 0.2 1e-09 100 37
-0.01 0.2 1e-09 100 38
-0.01 0.2 1e-09 100 39
-0.01 0.2 1e-09 100 40
-0.01 0.2 1e-09 100 41
-0.01 0.2 1e-09 100 42
-0.01 0.2 1e-09 100 43
-0.01 0.2 1e-09 100 44
-0.01 0.2 1e-09 100 45
-0.01 0.2 1e-09 100 46
-0.01 0.2 1e-09 100 47
-0.01 0.2 1e-09 100 48
-0.01 0.2 1e-09 100 49
-0.01 0.2 1e-09 100 50
-0.01 0.2 1e-09 100 51
-0.01 0.2 1e-09 100 52
-0.01 0.2 1e-09 100 53
-0.01 0.2 1e-09 100 54
-0.01 0.2 1e-09 100 55
-0.01 0.2 1e-09 100 56
-0.01 0.2 1e-09 100 57
-0.01 0.2 1e-09 100 58
-0.01 0.2 1e-09 100 59
-0.01 0.2 1e-09 100 60
-0.01 0.2 1e-09 100 61
-0.01 0.2 1e-09 100 62
-0.01 0.2 1e-09 100 63
-0.01 0.2 1e-09 100 64
-0.01 0.2 1e-09 100 65
-0.01 0.2 1e-09 100 66
-0.01 0.2 1e-09 100 67
-0.01 0.2 1e-09 100 68
-0.01 0.2 1e-09 100 69
-0.01 0.2 1e-09 100 70
-0.01 0.2 1e-09 100 71
-0.01 0.2 1e-09 100 72
-0.01 0.2 1e-09 100 73
-0.01 0.2 1e-09 100 74
-0.01 0.2 1e-09 100 75
-0.01 0.2 1e-09 100 76
-0.01 0.2 1e-09 100 77
-0.01 0.2 1e-09 100 78
-0.01 0.2 1e-09 100 79
-0.01 0.2 1e-09 100 80
-0.01 0.2 1e-09 100 81
-0.01 0.2 1e-09 100 82
-0.01 0.2 1e-09 100 83
-0.01 0.2 1e-09 100 84
-0.01 0.2 1e-09 100 85
-0.01 0.2 1e-09 100 86
-0.01 0.2 1e-09 100 87
-0.01 0.2 1e-09 100 88
-0.01 0.2 1e-09 100 89
-0.01 0.2 1e-09 100 90
-0.01 0.2 1e-09 100 91
-0.01 0.2 1e-09 100 92
-0.01 0.2 1e-09 100 93
-0.01 0.2 1e-09 100 94
-0.01 0.2 1e-09 100 95
-0.01 0.2 1e-09 100 96
-0.01 0.2 1e-09 100 97
-0.01 0.2 1e-09 100 98
-0.01 0.2 1e-09 100 99
-0.01 0.2 1e-09 100 100
-0.01 0.2 1e-08 100 1
-0.01 0.2 1e-08 100 2
-0.01 0.2 1e-08 100 3
-0.01 0.2 1e-08 100 4
-0.01 0.2 1e-08 100 5
-0.01 0.2 1e-08 100 6
-0.01 0.2 1e-08 100 7
-0.01 0.2 1e-08 100 8
-0.01 0.2 1e-08 100 9
-0.01 0.2 1e-08 100 10
-0.01 0.2 1e-08 100 11
-0.01 0.2 1e-08 100 12
-0.01 0.2 1e-08 100 13
-0.01 0.2 1e-08 100 14
-0.01 0.2 1e-08 100 15
-0.01 0.2 1e-08 100 16
-0.01 0.2 1e-08 100 17
-0.01 0.2 1e-08 100 18
-0.01 0.2 1e-08 100 19
-0.01 0.2 1e-08 100 20
-0.01 0.2 1e-08 100 21
-0.01 0.2 1e-08 100 22
-0.01 0.2 1e-08 100 23
-0.01 0.2 1e-08 100 24
-0.01 0.2 1e-08 100 25
-0.01 0.2 1e-08 100 26
-0.01 0.2 1e-08 100 27
-0.01 0.2 1e-08 100 28
-0.01 0.2 1e-08 100 29
-0.01 0.2 1e-08 100 30
-0.01 0.2 1e-08 100 31
-0.01 0.2 1e-08 100 32
-0.01 0.2 1e-08 100 33
-0.01 0.2 1e-08 100 34
-0.01 0.2 1e-08 100 35
-0.01 0.2 1e-08 100 36
-0.01 0.2 1e-08 100 37
-0.01 0.2 1e-08 100 38
-0.01 0.2 1e-08 100 39
-0.01 0.2 1e-08 100 40
-0.01 0.2 1e-08 100 41
-0.01 0.2 1e-08 100 42
-0.01 0.2 1e-08 100 43
-0.01 0.2 1e-08 100 44
-0.01 0.2 1e-08 100 45
-0.01 0.2 1e-08 100 46
-0.01 0.2 1e-08 100 47
-0.01 0.2 1e-08 100 48
-0.01 0.2 1e-08 100 49
-0.01 0.2 1e-08 100 50
-0.01 0.2 1e-08 100 51
-0.01 0.2 1e-08 100 52
-0.01 0.2 1e-08 100 53
-0.01 0.2 1e-08 100 54
-0.01 0.2 1e-08 100 55
-0.01 0.2 1e-08 100 56
-0.01 0.2 1e-08 100 57
-0.01 0.2 1e-08 100 58
-0.01 0.2 1e-08 100 59
-0.01 0.2 1e-08 100 60
-0.01 0.2 1e-08 100 61
-0.01 0.2 1e-08 100 62
-0.01 0.2 1e-08 100 63
-0.01 0.2 1e-08 100 64
-0.01 0.2 1e-08 100 65
-0.01 0.2 1e-08 100 66
-0.01 0.2 1e-08 100 67
-0.01 0.2 1e-08 100 68
-0.01 0.2 1e-08 100 69
-0.01 0.2 1e-08 100 70
-0.01 0.2 1e-08 100 71
-0.01 0.2 1e-08 100 72
-0.01 0.2 1e-08 100 73
-0.01 0.2 1e-08 100 74
-0.01 0.2 1e-08 100 75
-0.01 0.2 1e-08 100 76
-0.01 0.2 1e-08 100 77
-0.01 0.2 1e-08 100 78
-0.01 0.2 1e-08 100 79
-0.01 0.2 1e-08 100 80
-0.01 0.2 1e-08 100 81
-0.01 0.2 1e-08 100 82
-0.01 0.2 1e-08 100 83
-0.01 0.2 1e-08 100 84
-0.01 0.2 1e-08 100 85
-0.01 0.2 1e-08 100 86
-0.01 0.2 1e-08 100 87
-0.01 0.2 1e-08 100 88
-0.01 0.2 1e-08 100 89
-0.01 0.2 1e-08 100 90
-0.01 0.2 1e-08 100 91
-0.01 0.2 1e-08 100 92
-0.01 0.2 1e-08 100 93
-0.01 0.2 1e-08 100 94
-0.01 0.2 1e-08 100 95
-0.01 0.2 1e-08 100 96
-0.01 0.2 1e-08 100 97
-0.01 0.2 1e-08 100 98
-0.01 0.2 1e-08 100 99
-0.01 0.2 1e-08 100 100
-0.01 0.2 1e-07 100 1
-0.01 0.2 1e-07 100 2
-0.01 0.2 1e-07 100 3
-0.01 0.2 1e-07 100 4
-0.01 0.2 1e-07 100 5
-0.01 0.2 1e-07 100 6
-0.01 0.2 1e-07 100 7
-0.01 0.2 1e-07 100 8
-0.01 0.2 1e-07 100 9
-0.01 0.2 1e-07 100 10
-0.01 0.2 1e-07 100 11
-0.01 0.2 1e-07 100 12
-0.01 0.2 1e-07 100 13
-0.01 0.2 1e-07 100 14
-0.01 0.2 1e-07 100 15
-0.01 0.2 1e-07 100 16
-0.01 0.2 1e-07 100 17
-0.01 0.2 1e-07 100 18
-0.01 0.2 1e-07 100 19
-0.01 0.2 1e-07 100 20
-0.01 0.2 1e-07 100 21
-0.01 0.2 1e-07 100 22
-0.01 0.2 1e-07 100 23
-0.01 0.2 1e-07 100 24
-0.01 0.2 1e-07 100 25
-0.01 0.2 1e-07 100 26
-0.01 0.2 1e-07 100 27
-0.01 0.2 1e-07 100 28
-0.01 0.2 1e-07 100 29
-0.01 0.2 1e-07 100 30
-0.01 0.2 1e-07 100 31
-0.01 0.2 1e-07 100 32
-0.01 0.2 1e-07 100 33
-0.01 0.2 1e-07 100 34
-0.01 0.2 1e-07 100 35
-0.01 0.2 1e-07 100 36
-0.01 0.2 1e-07 100 37
-0.01 0.2 1e-07 100 38
-0.01 0.2 1e-07 100 39
-0.01 0.2 1e-07 100 40
-0.01 0.2 1e-07 100 41
-0.01 0.2 1e-07 100 42
-0.01 0.2 1e-07 100 43
-0.01 0.2 1e-07 100 44
-0.01 0.2 1e-07 100 45
-0.01 0.2 1e-07 100 46
-0.01 0.2 1e-07 100 47
-0.01 0.2 1e-07 100 48
-0.01 0.2 1e-07 100 49
-0.01 0.2 1e-07 100 50
-0.01 0.2 1e-07 100 51
-0.01 0.2 1e-07 100 52
-0.01 0.2 1e-07 100 53
-0.01 0.2 1e-07 100 54
-0.01 0.2 1e-07 100 55
-0.01 0.2 1e-07 100 56
-0.01 0.2 1e-07 100 57
-0.01 0.2 1e-07 100 58
-0.01 0.2 1e-07 100 59
-0.01 0.2 1e-07 100 60
-0.01 0.2 1e-07 100 61
-0.01 0.2 1e-07 100 62
-0.01 0.2 1e-07 100 63
-0.01 0.2 1e-07 100 64
-0.01 0.2 1e-07 100 65
-0.01 0.2 1e-07 100 66
-0.01 0.2 1e-07 100 67
-0.01 0.2 1e-07 100 68
-0.01 0.2 1e-07 100 69
-0.01 0.2 1e-07 100 70
-0.01 0.2 1e-07 100 71
-0.01 0.2 1e-07 100 72
-0.01 0.2 1e-07 100 73
-0.01 0.2 1e-07 100 74
-0.01 0.2 1e-07 100 75
-0.01 0.2 1e-07 100 76
-0.01 0.2 1e-07 100 77
-0.01 0.2 1e-07 100 78
-0.01 0.2 1e-07 100 79
-0.01 0.2 1e-07 100 80
-0.01 0.2 1e-07 100 81
-0.01 0.2 1e-07 100 82
-0.01 0.2 1e-07 100 83
-0.01 0.2 1e-07 100 84
-0.01 0.2 1e-07 100 85
-0.01 0.2 1e-07 100 86
-0.01 0.2 1e-07 100 87
-0.01 0.2 1e-07 100 88
-0.01 0.2 1e-07 100 89
-0.01 0.2 1e-07 100 90
-0.01 0.2 1e-07 100 91
-0.01 0.2 1e-07 100 92
-0.01 0.2 1e-07 100 93
-0.01 0.2 1e-07 100 94
-0.01 0.2 1e-07 100 95
-0.01 0.2 1e-07 100 96
-0.01 0.2 1e-07 100 97
-0.01 0.2 1e-07 100 98
-0.01 0.2 1e-07 100 99
-0.01 0.2 1e-07 100 100
-0.01 0.2 1e-06 100 1
-0.01 0.2 1e-06 100 2
-0.01 0.2 1e-06 100 3
-0.01 0.2 1e-06 100 4
-0.01 0.2 1e-06 100 5
-0.01 0.2 1e-06 100 6
-0.01 0.2 1e-06 100 7
-0.01 0.2 1e-06 100 8
-0.01 0.2 1e-06 100 9
-0.01 0.2 1e-06 100 10
-0.01 0.2 1e-06 100 11
-0.01 0.2 1e-06 100 12
-0.01 0.2 1e-06 100 13
-0.01 0.2 1e-06 100 14
-0.01 0.2 1e-06 100 15
-0.01 0.2 1e-06 100 16
-0.01 0.2 1e-06 100 17
-0.01 0.2 1e-06 100 18
-0.01 0.2 1e-06 100 19
-0.01 0.2 1e-06 100 20
-0.01 0.2 1e-06 100 21
-0.01 0.2 1e-06 100 22
-0.01 0.2 1e-06 100 23
-0.01 0.2 1e-06 100 24
-0.01 0.2 1e-06 100 25
-0.01 0.2 1e-06 100 26
-0.01 0.2 1e-06 100 27
-0.01 0.2 1e-06 100 28
-0.01 0.2 1e-06 100 29
-0.01 0.2 1e-06 100 30
-0.01 0.2 1e-06 100 31
-0.01 0.2 1e-06 100 32
-0.01 0.2 1e-06 100 33
-0.01 0.2 1e-06 100 34
-0.01 0.2 1e-06 100 35
-0.01 0.2 1e-06 100 36
-0.01 0.2 1e-06 100 37
-0.01 0.2 1e-06 100 38
-0.01 0.2 1e-06 100 39
-0.01 0.2 1e-06 100 40
-0.01 0.2 1e-06 100 41
-0.01 0.2 1e-06 100 42
-0.01 0.2 1e-06 100 43
-0.01 0.2 1e-06 100 44
-0.01 0.2 1e-06 100 45
-0.01 0.2 1e-06 100 46
-0.01 0.2 1e-06 100 47
-0.01 0.2 1e-06 100 48
-0.01 0.2 1e-06 100 49
-0.01 0.2 1e-06 100 50
-0.01 0.2 1e-06 100 51
-0.01 0.2 1e-06 100 52
-0.01 0.2 1e-06 100 53
-0.01 0.2 1e-06 100 54
-0.01 0.2 1e-06 100 55
-0.01 0.2 1e-06 100 56
-0.01 0.2 1e-06 100 57
-0.01 0.2 1e-06 100 58
-0.01 0.2 1e-06 100 59
-0.01 0.2 1e-06 100 60
-0.01 0.2 1e-06 100 61
-0.01 0.2 1e-06 100 62
-0.01 0.2 1e-06 100 63
-0.01 0.2 1e-06 100 64
-0.01 0.2 1e-06 100 65
-0.01 0.2 1e-06 100 66
-0.01 0.2 1e-06 100 67
-0.01 0.2 1e-06 100 68
-0.01 0.2 1e-06 100 69
-0.01 0.2 1e-06 100 70
-0.01 0.2 1e-06 100 71
-0.01 0.2 1e-06 100 72
-0.01 0.2 1e-06 100 73
-0.01 0.2 1e-06 100 74
-0.01 0.2 1e-06 100 75
-0.01 0.2 1e-06 100 76
-0.01 0.2 1e-06 100 77
-0.01 0.2 1e-06 100 78
-0.01 0.2 1e-06 100 79
-0.01 0.2 1e-06 100 80
-0.01 0.2 1e-06 100 81
-0.01 0.2 1e-06 100 82
-0.01 0.2 1e-06 100 83
-0.01 0.2 1e-06 100 84
-0.01 0.2 1e-06 100 85
-0.01 0.2 1e-06 100 86
-0.01 0.2 1e-06 100 87
-0.01 0.2 1e-06 100 88
-0.01 0.2 1e-06 100 89
-0.01 0.2 1e-06 100 90
-0.01 0.2 1e-06 100 91
-0.01 0.2 1e-06 100 92
-0.01 0.2 1e-06 100 93
-0.01 0.2 1e-06 100 94
-0.01 0.2 1e-06 100 95
-0.01 0.2 1e-06 100 96
-0.01 0.2 1e-06 100 97
-0.01 0.2 1e-06 100 98
-0.01 0.2 1e-06 100 99
-0.01 0.2 1e-06 100 100
-0.01 0.2 1e-05 100 1
-0.01 0.2 1e-05 100 2
-0.01 0.2 1e-05 100 3
-0.01 0.2 1e-05 100 4
-0.01 0.2 1e-05 100 5
-0.01 0.2 1e-05 100 6
-0.01 0.2 1e-05 100 7
-0.01 0.2 1e-05 100 8
-0.01 0.2 1e-05 100 9
-0.01 0.2 1e-05 100 10
-0.01 0.2 1e-05 100 11
-0.01 0.2 1e-05 100 12
-0.01 0.2 1e-05 100 13
-0.01 0.2 1e-05 100 14
-0.01 0.2 1e-05 100 15
-0.01 0.2 1e-05 100 16
-0.01 0.2 1e-05 100 17
-0.01 0.2 1e-05 100 18
-0.01 0.2 1e-05 100 19
-0.01 0.2 1e-05 100 20
-0.01 0.2 1e-05 100 21
-0.01 0.2 1e-05 100 22
-0.01 0.2 1e-05 100 23
-0.01 0.2 1e-05 100 24
-0.01 0.2 1e-05 100 25
-0.01 0.2 1e-05 100 26
-0.01 0.2 1e-05 100 27
-0.01 0.2 1e-05 100 28
-0.01 0.2 1e-05 100 29
-0.01 0.2 1e-05 100 30
-0.01 0.2 1e-05 100 31
-0.01 0.2 1e-05 100 32
-0.01 0.2 1e-05 100 33
-0.01 0.2 1e-05 100 34
-0.01 0.2 1e-05 100 35
-0.01 0.2 1e-05 100 36
-0.01 0.2 1e-05 100 37
-0.01 0.2 1e-05 100 38
-0.01 0.2 1e-05 100 39
-0.01 0.2 1e-05 100 40
-0.01 0.2 1e-05 100 41
-0.01 0.2 1e-05 100 42
-0.01 0.2 1e-05 100 43
-0.01 0.2 1e-05 100 44
-0.01 0.2 1e-05 100 45
-0.01 0.2 1e-05 100 46
-0.01 0.2 1e-05 100 47
-0.01 0.2 1e-05 100 48
-0.01 0.2 1e-05 100 49
-0.01 0.2 1e-05 100 50
-0.01 0.2 1e-05 100 51
-0.01 0.2 1e-05 100 52
-0.01 0.2 1e-05 100 53
-0.01 0.2 1e-05 100 54
-0.01 0.2 1e-05 100 55
-0.01 0.2 1e-05 100 56
-0.01 0.2 1e-05 100 57
-0.01 0.2 1e-05 100 58
-0.01 0.2 1e-05 100 59
-0.01 0.2 1e-05 100 60
-0.01 0.2 1e-05 100 61
-0.01 0.2 1e-05 100 62
-0.01 0.2 1e-05 100 63
-0.01 0.2 1e-05 100 64
-0.01 0.2 1e-05 100 65
-0.01 0.2 1e-05 100 66
-0.01 0.2 1e-05 100 67
-0.01 0.2 1e-05 100 68
-0.01 0.2 1e-05 100 69
-0.01 0.2 1e-05 100 70
-0.01 0.2 1e-05 100 71
-0.01 0.2 1e-05 100 72
-0.01 0.2 1e-05 100 73
-0.01 0.2 1e-05 100 74
-0.01 0.2 1e-05 100 75
-0.01 0.2 1e-05 100 76
-0.01 0.2 1e-05 100 77
-0.01 0.2 1e-05 100 78
-0.01 0.2 1e-05 100 79
-0.01 0.2 1e-05 100 80
-0.01 0.2 1e-05 100 81
-0.01 0.2 1e-05 100 82
-0.01 0.2 1e-05 100 83
-0.01 0.2 1e-05 100 84
-0.01 0.2 1e-05 100 85
-0.01 0.2 1e-05 100 86
-0.01 0.2 1e-05 100 87
-0.01 0.2 1e-05 100 88
-0.01 0.2 1e-05 100 89
-0.01 0.2 1e-05 100 90
-0.01 0.2 1e-05 100 91
-0.01 0.2 1e-05 100 92
-0.01 0.2 1e-05 100 93
-0.01 0.2 1e-05 100 94
-0.01 0.2 1e-05 100 95
-0.01 0.2 1e-05 100 96
-0.01 0.2 1e-05 100 97
-0.01 0.2 1e-05 100 98
-0.01 0.2 1e-05 100 99
-0.01 0.2 1e-05 100 100
-0.01 0.2 1e-04 100 1
-0.01 0.2 1e-04 100 2
-0.01 0.2 1e-04 100 3
-0.01 0.2 1e-04 100 4
-0.01 0.2 1e-04 100 5
-0.01 0.2 1e-04 100 6
-0.01 0.2 1e-04 100 7
-0.01 0.2 1e-04 100 8
-0.01 0.2 1e-04 100 9
-0.01 0.2 1e-04 100 10
-0.01 0.2 1e-04 100 11
-0.01 0.2 1e-04 100 12
-0.01 0.2 1e-04 100 13
-0.01 0.2 1e-04 100 14
-0.01 0.2 1e-04 100 15
-0.01 0.2 1e-04 100 16
-0.01 0.2 1e-04 100 17
-0.01 0.2 1e-04 100 18
-0.01 0.2 1e-04 100 19
-0.01 0.2 1e-04 100 20
-0.01 0.2 1e-04 100 21
-0.01 0.2 1e-04 100 22
-0.01 0.2 1e-04 100 23
-0.01 0.2 1e-04 100 24
-0.01 0.2 1e-04 100 25
-0.01 0.2 1e-04 100 26
-0.01 0.2 1e-04 100 27
-0.01 0.2 1e-04 100 28
-0.01 0.2 1e-04 100 29
-0.01 0.2 1e-04 100 30
-0.01 0.2 1e-04 100 31
-0.01 0.2 1e-04 100 32
-0.01 0.2 1e-04 100 33
-0.01 0.2 1e-04 100 34
-0.01 0.2 1e-04 100 35
-0.01 0.2 1e-04 100 36
-0.01 0.2 1e-04 100 37
-0.01 0.2 1e-04 100 38
-0.01 0.2 1e-04 100 39
-0.01 0.2 1e-04 100 40
-0.01 0.2 1e-04 100 41
-0.01 0.2 1e-04 100 42
-0.01 0.2 1e-04 100 43
-0.01 0.2 1e-04 100 44
-0.01 0.2 1e-04 100 45
-0.01 0.2 1e-04 100 46
-0.01 0.2 1e-04 100 47
-0.01 0.2 1e-04 100 48
-0.01 0.2 1e-04 100 49
-0.01 0.2 1e-04 100 50
-0.01 0.2 1e-04 100 51
-0.01 0.2 1e-04 100 52
-0.01 0.2 1e-04 100 53
-0.01 0.2 1e-04 100 54
-0.01 0.2 1e-04 100 55
-0.01 0.2 1e-04 100 56
-0.01 0.2 1e-04 100 57
-0.01 0.2 1e-04 100 58
-0.01 0.2 1e-04 100 59
-0.01 0.2 1e-04 100 60
-0.01 0.2 1e-04 100 61
-0.01 0.2 1e-04 100 62
-0.01 0.2 1e-04 100 63
-0.01 0.2 1e-04 100 64
-0.01 0.2 1e-04 100 65
-0.01 0.2 1e-04 100 66
-0.01 0.2 1e-04 100 67
-0.01 0.2 1e-04 100 68
-0.01 0.2 1e-04 100 69
-0.01 0.2 1e-04 100 70
-0.01 0.2 1e-04 100 71
-0.01 0.2 1e-04 100 72
-0.01 0.2 1e-04 100 73
-0.01 0.2 1e-04 100 74
-0.01 0.2 1e-04 100 75
-0.01 0.2 1e-04 100 76
-0.01 0.2 1e-04 100 77
-0.01 0.2 1e-04 100 78
-0.01 0.2 1e-04 100 79
-0.01 0.2 1e-04 100 80
-0.01 0.2 1e-04 100 81
-0.01 0.2 1e-04 100 82
-0.01 0.2 1e-04 100 83
-0.01 0.2 1e-04 100 84
-0.01 0.2 1e-04 100 85
-0.01 0.2 1e-04 100 86
-0.01 0.2 1e-04 100 87
-0.01 0.2 1e-04 100 88
-0.01 0.2 1e-04 100 89
-0.01 0.2 1e-04 100 90
-0.01 0.2 1e-04 100 91
-0.01 0.2 1e-04 100 92
-0.01 0.2 1e-04 100 93
-0.01 0.2 1e-04 100 94
-0.01 0.2 1e-04 100 95
-0.01 0.2 1e-04 100 96
-0.01 0.2 1e-04 100 97
-0.01 0.2 1e-04 100 98
-0.01 0.2 1e-04 100 99
-0.01 0.2 1e-04 100 100
-0.01 0.5 1e-10 100 1
-0.01 0.5 1e-10 100 2
-0.01 0.5 1e-10 100 3
-0.01 0.5 1e-10 100 4
-0.01 0.5 1e-10 100 5
-0.01 0.5 1e-10 100 6
-0.01 0.5 1e-10 100 7
-0.01 0.5 1e-10 100 8
-0.01 0.5 1e-10 100 9
-0.01 0.5 1e-10 100 10
-0.01 0.5 1e-10 100 11
-0.01 0.5 1e-10 100 12
-0.01 0.5 1e-10 100 13
-0.01 0.5 1e-10 100 14
-0.01 0.5 1e-10 100 15
-0.01 0.5 1e-10 100 16
-0.01 0.5 1e-10 100 17
-0.01 0.5 1e-10 100 18
-0.01 0.5 1e-10 100 19
-0.01 0.5 1e-10 100 20
-0.01 0.5 1e-10 100 21
-0.01 0.5 1e-10 100 22
-0.01 0.5 1e-10 100 23
-0.01 0.5 1e-10 100 24
-0.01 0.5 1e-10 100 25
-0.01 0.5 1e-10 100 26
-0.01 0.5 1e-10 100 27
-0.01 0.5 1e-10 100 28
-0.01 0.5 1e-10 100 29
-0.01 0.5 1e-10 100 30
-0.01 0.5 1e-10 100 31
-0.01 0.5 1e-10 100 32
-0.01 0.5 1e-10 100 33
-0.01 0.5 1e-10 100 34
-0.01 0.5 1e-10 100 35
-0.01 0.5 1e-10 100 36
-0.01 0.5 1e-10 100 37
-0.01 0.5 1e-10 100 38
-0.01 0.5 1e-10 100 39
-0.01 0.5 1e-10 100 40
-0.01 0.5 1e-10 100 41
-0.01 0.5 1e-10 100 42
-0.01 0.5 1e-10 100 43
-0.01 0.5 1e-10 100 44
-0.01 0.5 1e-10 100 45
-0.01 0.5 1e-10 100 46
-0.01 0.5 1e-10 100 47
-0.01 0.5 1e-10 100 48
-0.01 0.5 1e-10 100 49
-0.01 0.5 1e-10 100 50
-0.01 0.5 1e-10 100 51
-0.01 0.5 1e-10 100 52
-0.01 0.5 1e-10 100 53
-0.01 0.5 1e-10 100 54
-0.01 0.5 1e-10 100 55
-0.01 0.5 1e-10 100 56
-0.01 0.5 1e-10 100 57
-0.01 0.5 1e-10 100 58
-0.01 0.5 1e-10 100 59
-0.01 0.5 1e-10 100 60
-0.01 0.5 1e-10 100 61
-0.01 0.5 1e-10 100 62
-0.01 0.5 1e-10 100 63
-0.01 0.5 1e-10 100 64
-0.01 0.5 1e-10 100 65
-0.01 0.5 1e-10 100 66
-0.01 0.5 1e-10 100 67
-0.01 0.5 1e-10 100 68
-0.01 0.5 1e-10 100 69
-0.01 0.5 1e-10 100 70
-0.01 0.5 1e-10 100 71
-0.01 0.5 1e-10 100 72
-0.01 0.5 1e-10 100 73
-0.01 0.5 1e-10 100 74
-0.01 0.5 1e-10 100 75
-0.01 0.5 1e-10 100 76
-0.01 0.5 1e-10 100 77
-0.01 0.5 1e-10 100 78
-0.01 0.5 1e-10 100 79
-0.01 0.5 1e-10 100 80
-0.01 0.5 1e-10 100 81
-0.01 0.5 1e-10 100 82
-0.01 0.5 1e-10 100 83
-0.01 0.5 1e-10 100 84
-0.01 0.5 1e-10 100 85
-0.01 0.5 1e-10 100 86
-0.01 0.5 1e-10 100 87
-0.01 0.5 1e-10 100 88
-0.01 0.5 1e-10 100 89
-0.01 0.5 1e-10 100 90
-0.01 0.5 1e-10 100 91
-0.01 0.5 1e-10 100 92
-0.01 0.5 1e-10 100 93
-0.01 0.5 1e-10 100 94
-0.01 0.5 1e-10 100 95
-0.01 0.5 1e-10 100 96
-0.01 0.5 1e-10 100 97
-0.01 0.5 1e-10 100 98
-0.01 0.5 1e-10 100 99
-0.01 0.5 1e-10 100 100
-0.01 0.5 1e-09 100 1
-0.01 0.5 1e-09 100 2
-0.01 0.5 1e-09 100 3
-0.01 0.5 1e-09 100 4
-0.01 0.5 1e-09 100 5
-0.01 0.5 1e-09 100 6
-0.01 0.5 1e-09 100 7
-0.01 0.5 1e-09 100 8
-0.01 0.5 1e-09 100 9
-0.01 0.5 1e-09 100 10
-0.01 0.5 1e-09 100 11
-0.01 0.5 1e-09 100 12
-0.01 0.5 1e-09 100 13
-0.01 0.5 1e-09 100 14
-0.01 0.5 1e-09 100 15
-0.01 0.5 1e-09 100 16
-0.01 0.5 1e-09 100 17
-0.01 0.5 1e-09 100 18
-0.01 0.5 1e-09 100 19
-0.01 0.5 1e-09 100 20
-0.01 0.5 1e-09 100 21
-0.01 0.5 1e-09 100 22
-0.01 0.5 1e-09 100 23
-0.01 0.5 1e-09 100 24
-0.01 0.5 1e-09 100 25
-0.01 0.5 1e-09 100 26
-0.01 0.5 1e-09 100 27
-0.01 0.5 1e-09 100 28
-0.01 0.5 1e-09 100 29
-0.01 0.5 1e-09 100 30
-0.01 0.5 1e-09 100 31
-0.01 0.5 1e-09 100 32
-0.01 0.5 1e-09 100 33
-0.01 0.5 1e-09 100 34
-0.01 0.5 1e-09 100 35
-0.01 0.5 1e-09 100 36
-0.01 0.5 1e-09 100 37
-0.01 0.5 1e-09 100 38
-0.01 0.5 1e-09 100 39
-0.01 0.5 1e-09 100 40
-0.01 0.5 1e-09 100 41
-0.01 0.5 1e-09 100 42
-0.01 0.5 1e-09 100 43
-0.01 0.5 1e-09 100 44
-0.01 0.5 1e-09 100 45
-0.01 0.5 1e-09 100 46
-0.01 0.5 1e-09 100 47
-0.01 0.5 1e-09 100 48
-0.01 0.5 1e-09 100 49
-0.01 0.5 1e-09 100 50
-0.01 0.5 1e-09 100 51
-0.01 0.5 1e-09 100 52
-0.01 0.5 1e-09 100 53
-0.01 0.5 1e-09 100 54
-0.01 0.5 1e-09 100 55
-0.01 0.5 1e-09 100 56
-0.01 0.5 1e-09 100 57
-0.01 0.5 1e-09 100 58
-0.01 0.5 1e-09 100 59
-0.01 0.5 1e-09 100 60
-0.01 0.5 1e-09 100 61
-0.01 0.5 1e-09 100 62
-0.01 0.5 1e-09 100 63
-0.01 0.5 1e-09 100 64
-0.01 0.5 1e-09 100 65
-0.01 0.5 1e-09 100 66
-0.01 0.5 1e-09 100 67
-0.01 0.5 1e-09 100 68
-0.01 0.5 1e-09 100 69
-0.01 0.5 1e-09 100 70
-0.01 0.5 1e-09 100 71
-0.01 0.5 1e-09 100 72
-0.01 0.5 1e-09 100 73
-0.01 0.5 1e-09 100 74
-0.01 0.5 1e-09 100 75
-0.01 0.5 1e-09 100 76
-0.01 0.5 1e-09 100 77
-0.01 0.5 1e-09 100 78
-0.01 0.5 1e-09 100 79
-0.01 0.5 1e-09 100 80
-0.01 0.5 1e-09 100 81
-0.01 0.5 1e-09 100 82
-0.01 0.5 1e-09 100 83
-0.01 0.5 1e-09 100 84
-0.01 0.5 1e-09 100 85
-0.01 0.5 1e-09 100 86
-0.01 0.5 1e-09 100 87
-0.01 0.5 1e-09 100 88
-0.01 0.5 1e-09 100 89
-0.01 0.5 1e-09 100 90
-0.01 0.5 1e-09 100 91
-0.01 0.5 1e-09 100 92
-0.01 0.5 1e-09 100 93
-0.01 0.5 1e-09 100 94
-0.01 0.5 1e-09 100 95
-0.01 0.5 1e-09 100 96
-0.01 0.5 1e-09 100 97
-0.01 0.5 1e-09 100 98
-0.01 0.5 1e-09 100 99
-0.01 0.5 1e-09 100 100
-0.01 0.5 1e-08 100 1
-0.01 0.5 1e-08 100 2
-0.01 0.5 1e-08 100 3
-0.01 0.5 1e-08 100 4
-0.01 0.5 1e-08 100 5
-0.01 0.5 1e-08 100 6
-0.01 0.5 1e-08 100 7
-0.01 0.5 1e-08 100 8
-0.01 0.5 1e-08 100 9
-0.01 0.5 1e-08 100 10
-0.01 0.5 1e-08 100 11
-0.01 0.5 1e-08 100 12
-0.01 0.5 1e-08 100 13
-0.01 0.5 1e-08 100 14
-0.01 0.5 1e-08 100 15
-0.01 0.5 1e-08 100 16
-0.01 0.5 1e-08 100 17
-0.01 0.5 1e-08 100 18
-0.01 0.5 1e-08 100 19
-0.01 0.5 1e-08 100 20
-0.01 0.5 1e-08 100 21
-0.01 0.5 1e-08 100 22
-0.01 0.5 1e-08 100 23
-0.01 0.5 1e-08 100 24
-0.01 0.5 1e-08 100 25
-0.01 0.5 1e-08 100 26
-0.01 0.5 1e-08 100 27
-0.01 0.5 1e-08 100 28
-0.01 0.5 1e-08 100 29
-0.01 0.5 1e-08 100 30
-0.01 0.5 1e-08 100 31
-0.01 0.5 1e-08 100 32
-0.01 0.5 1e-08 100 33
-0.01 0.5 1e-08 100 34
-0.01 0.5 1e-08 100 35
-0.01 0.5 1e-08 100 36
-0.01 0.5 1e-08 100 37
-0.01 0.5 1e-08 100 38
-0.01 0.5 1e-08 100 39
-0.01 0.5 1e-08 100 40
-0.01 0.5 1e-08 100 41
-0.01 0.5 1e-08 100 42
-0.01 0.5 1e-08 100 43
-0.01 0.5 1e-08 100 44
-0.01 0.5 1e-08 100 45
-0.01 0.5 1e-08 100 46
-0.01 0.5 1e-08 100 47
-0.01 0.5 1e-08 100 48
-0.01 0.5 1e-08 100 49
-0.01 0.5 1e-08 100 50
-0.01 0.5 1e-08 100 51
-0.01 0.5 1e-08 100 52
-0.01 0.5 1e-08 100 53
-0.01 0.5 1e-08 100 54
-0.01 0.5 1e-08 100 55
-0.01 0.5 1e-08 100 56
-0.01 0.5 1e-08 100 57
-0.01 0.5 1e-08 100 58
-0.01 0.5 1e-08 100 59
-0.01 0.5 1e-08 100 60
-0.01 0.5 1e-08 100 61
-0.01 0.5 1e-08 100 62
-0.01 0.5 1e-08 100 63
-0.01 0.5 1e-08 100 64
-0.01 0.5 1e-08 100 65
-0.01 0.5 1e-08 100 66
-0.01 0.5 1e-08 100 67
-0.01 0.5 1e-08 100 68
-0.01 0.5 1e-08 100 69
-0.01 0.5 1e-08 100 70
-0.01 0.5 1e-08 100 71
-0.01 0.5 1e-08 100 72
-0.01 0.5 1e-08 100 73
-0.01 0.5 1e-08 100 74
-0.01 0.5 1e-08 100 75
-0.01 0.5 1e-08 100 76
-0.01 0.5 1e-08 100 77
-0.01 0.5 1e-08 100 78
-0.01 0.5 1e-08 100 79
-0.01 0.5 1e-08 100 80
-0.01 0.5 1e-08 100 81
-0.01 0.5 1e-08 100 82
-0.01 0.5 1e-08 100 83
-0.01 0.5 1e-08 100 84
-0.01 0.5 1e-08 100 85
-0.01 0.5 1e-08 100 86
-0.01 0.5 1e-08 100 87
-0.01 0.5 1e-08 100 88
-0.01 0.5 1e-08 100 89
-0.01 0.5 1e-08 100 90
-0.01 0.5 1e-08 100 91
-0.01 0.5 1e-08 100 92
-0.01 0.5 1e-08 100 93
-0.01 0.5 1e-08 100 94
-0.01 0.5 1e-08 100 95
-0.01 0.5 1e-08 100 96
-0.01 0.5 1e-08 100 97
-0.01 0.5 1e-08 100 98
-0.01 0.5 1e-08 100 99
-0.01 0.5 1e-08 100 100
-0.01 0.5 1e-07 100 1
-0.01 0.5 1e-07 100 2
-0.01 0.5 1e-07 100 3
-0.01 0.5 1e-07 100 4
-0.01 0.5 1e-07 100 5
-0.01 0.5 1e-07 100 6
-0.01 0.5 1e-07 100 7
-0.01 0.5 1e-07 100 8
-0.01 0.5 1e-07 100 9
-0.01 0.5 1e-07 100 10
-0.01 0.5 1e-07 100 11
-0.01 0.5 1e-07 100 12
-0.01 0.5 1e-07 100 13
-0.01 0.5 1e-07 100 14
-0.01 0.5 1e-07 100 15
-0.01 0.5 1e-07 100 16
-0.01 0.5 1e-07 100 17
-0.01 0.5 1e-07 100 18
-0.01 0.5 1e-07 100 19
-0.01 0.5 1e-07 100 20
-0.01 0.5 1e-07 100 21
-0.01 0.5 1e-07 100 22
-0.01 0.5 1e-07 100 23
-0.01 0.5 1e-07 100 24
-0.01 0.5 1e-07 100 25
-0.01 0.5 1e-07 100 26
-0.01 0.5 1e-07 100 27
-0.01 0.5 1e-07 100 28
-0.01 0.5 1e-07 100 29
-0.01 0.5 1e-07 100 30
-0.01 0.5 1e-07 100 31
-0.01 0.5 1e-07 100 32
-0.01 0.5 1e-07 100 33
-0.01 0.5 1e-07 100 34
-0.01 0.5 1e-07 100 35
-0.01 0.5 1e-07 100 36
-0.01 0.5 1e-07 100 37
-0.01 0.5 1e-07 100 38
-0.01 0.5 1e-07 100 39
-0.01 0.5 1e-07 100 40
-0.01 0.5 1e-07 100 41
-0.01 0.5 1e-07 100 42
-0.01 0.5 1e-07 100 43
-0.01 0.5 1e-07 100 44
-0.01 0.5 1e-07 100 45
-0.01 0.5 1e-07 100 46
-0.01 0.5 1e-07 100 47
-0.01 0.5 1e-07 100 48
-0.01 0.5 1e-07 100 49
-0.01 0.5 1e-07 100 50
-0.01 0.5 1e-07 100 51
-0.01 0.5 1e-07 100 52
-0.01 0.5 1e-07 100 53
-0.01 0.5 1e-07 100 54
-0.01 0.5 1e-07 100 55
-0.01 0.5 1e-07 100 56
-0.01 0.5 1e-07 100 57
-0.01 0.5 1e-07 100 58
-0.01 0.5 1e-07 100 59
-0.01 0.5 1e-07 100 60
-0.01 0.5 1e-07 100 61
-0.01 0.5 1e-07 100 62
-0.01 0.5 1e-07 100 63
-0.01 0.5 1e-07 100 64
-0.01 0.5 1e-07 100 65
-0.01 0.5 1e-07 100 66
-0.01 0.5 1e-07 100 67
-0.01 0.5 1e-07 100 68
-0.01 0.5 1e-07 100 69
-0.01 0.5 1e-07 100 70
-0.01 0.5 1e-07 100 71
-0.01 0.5 1e-07 100 72
-0.01 0.5 1e-07 100 73
-0.01 0.5 1e-07 100 74
-0.01 0.5 1e-07 100 75
-0.01 0.5 1e-07 100 76
-0.01 0.5 1e-07 100 77
-0.01 0.5 1e-07 100 78
-0.01 0.5 1e-07 100 79
-0.01 0.5 1e-07 100 80
-0.01 0.5 1e-07 100 81
-0.01 0.5 1e-07 100 82
-0.01 0.5 1e-07 100 83
-0.01 0.5 1e-07 100 84
-0.01 0.5 1e-07 100 85
-0.01 0.5 1e-07 100 86
-0.01 0.5 1e-07 100 87
-0.01 0.5 1e-07 100 88
-0.01 0.5 1e-07 100 89
-0.01 0.5 1e-07 100 90
-0.01 0.5 1e-07 100 91
-0.01 0.5 1e-07 100 92
-0.01 0.5 1e-07 100 93
-0.01 0.5 1e-07 100 94
-0.01 0.5 1e-07 100 95
-0.01 0.5 1e-07 100 96
-0.01 0.5 1e-07 100 97
-0.01 0.5 1e-07 100 98
-0.01 0.5 1e-07 100 99
-0.01 0.5 1e-07 100 100
-0.01 0.5 1e-06 100 1
-0.01 0.5 1e-06 100 2
-0.01 0.5 1e-06 100 3
-0.01 0.5 1e-06 100 4
-0.01 0.5 1e-06 100 5
-0.01 0.5 1e-06 100 6
-0.01 0.5 1e-06 100 7
-0.01 0.5 1e-06 100 8
-0.01 0.5 1e-06 100 9
-0.01 0.5 1e-06 100 10
-0.01 0.5 1e-06 100 11
-0.01 0.5 1e-06 100 12
-0.01 0.5 1e-06 100 13
-0.01 0.5 1e-06 100 14
-0.01 0.5 1e-06 100 15
-0.01 0.5 1e-06 100 16
-0.01 0.5 1e-06 100 17
-0.01 0.5 1e-06 100 18
-0.01 0.5 1e-06 100 19
-0.01 0.5 1e-06 100 20
-0.01 0.5 1e-06 100 21
-0.01 0.5 1e-06 100 22
-0.01 0.5 1e-06 100 23
-0.01 0.5 1e-06 100 24
-0.01 0.5 1e-06 100 25
-0.01 0.5 1e-06 100 26
-0.01 0.5 1e-06 100 27
-0.01 0.5 1e-06 100 28
-0.01 0.5 1e-06 100 29
-0.01 0.5 1e-06 100 30
-0.01 0.5 1e-06 100 31
-0.01 0.5 1e-06 100 32
-0.01 0.5 1e-06 100 33
-0.01 0.5 1e-06 100 34
-0.01 0.5 1e-06 100 35
-0.01 0.5 1e-06 100 36
-0.01 0.5 1e-06 100 37
-0.01 0.5 1e-06 100 38
-0.01 0.5 1e-06 100 39
-0.01 0.5 1e-06 100 40
-0.01 0.5 1e-06 100 41
-0.01 0.5 1e-06 100 42
-0.01 0.5 1e-06 100 43
-0.01 0.5 1e-06 100 44
-0.01 0.5 1e-06 100 45
-0.01 0.5 1e-06 100 46
-0.01 0.5 1e-06 100 47
-0.01 0.5 1e-06 100 48
-0.01 0.5 1e-06 100 49
-0.01 0.5 1e-06 100 50
-0.01 0.5 1e-06 100 51
-0.01 0.5 1e-06 100 52
-0.01 0.5 1e-06 100 53
-0.01 0.5 1e-06 100 54
-0.01 0.5 1e-06 100 55
-0.01 0.5 1e-06 100 56
-0.01 0.5 1e-06 100 57
-0.01 0.5 1e-06 100 58
-0.01 0.5 1e-06 100 59
-0.01 0.5 1e-06 100 60
-0.01 0.5 1e-06 100 61
-0.01 0.5 1e-06 100 62
-0.01 0.5 1e-06 100 63
-0.01 0.5 1e-06 100 64
-0.01 0.5 1e-06 100 65
-0.01 0.5 1e-06 100 66
-0.01 0.5 1e-06 100 67
-0.01 0.5 1e-06 100 68
-0.01 0.5 1e-06 100 69
-0.01 0.5 1e-06 100 70
-0.01 0.5 1e-06 100 71
-0.01 0.5 1e-06 100 72
-0.01 0.5 1e-06 100 73
-0.01 0.5 1e-06 100 74
-0.01 0.5 1e-06 100 75
-0.01 0.5 1e-06 100 76
-0.01 0.5 1e-06 100 77
-0.01 0.5 1e-06 100 78
-0.01 0.5 1e-06 100 79
-0.01 0.5 1e-06 100 80
-0.01 0.5 1e-06 100 81
-0.01 0.5 1e-06 100 82
-0.01 0.5 1e-06 100 83
-0.01 0.5 1e-06 100 84
-0.01 0.5 1e-06 100 85
-0.01 0.5 1e-06 100 86
-0.01 0.5 1e-06 100 87
-0.01 0.5 1e-06 100 88
-0.01 0.5 1e-06 100 89
-0.01 0.5 1e-06 100 90
-0.01 0.5 1e-06 100 91
-0.01 0.5 1e-06 100 92
-0.01 0.5 1e-06 100 93
-0.01 0.5 1e-06 100 94
-0.01 0.5 1e-06 100 95
-0.01 0.5 1e-06 100 96
-0.01 0.5 1e-06 100 97
-0.01 0.5 1e-06 100 98
-0.01 0.5 1e-06 100 99
-0.01 0.5 1e-06 100 100
-0.01 0.5 1e-05 100 1
-0.01 0.5 1e-05 100 2
-0.01 0.5 1e-05 100 3
-0.01 0.5 1e-05 100 4
-0.01 0.5 1e-05 100 5
-0.01 0.5 1e-05 100 6
-0.01 0.5 1e-05 100 7
-0.01 0.5 1e-05 100 8
-0.01 0.5 1e-05 100 9
-0.01 0.5 1e-05 100 10
-0.01 0.5 1e-05 100 11
-0.01 0.5 1e-05 100 12
-0.01 0.5 1e-05 100 13
-0.01 0.5 1e-05 100 14
-0.01 0.5 1e-05 100 15
-0.01 0.5 1e-05 100 16
-0.01 0.5 1e-05 100 17
-0.01 0.5 1e-05 100 18
-0.01 0.5 1e-05 100 19
-0.01 0.5 1e-05 100 20
-0.01 0.5 1e-05 100 21
-0.01 0.5 1e-05 100 22
-0.01 0.5 1e-05 100 23
-0.01 0.5 1e-05 100 24
-0.01 0.5 1e-05 100 25
-0.01 0.5 1e-05 100 26
-0.01 0.5 1e-05 100 27
-0.01 0.5 1e-05 100 28
-0.01 0.5 1e-05 100 29
-0.01 0.5 1e-05 100 30
-0.01 0.5 1e-05 100 31
-0.01 0.5 1e-05 100 32
-0.01 0.5 1e-05 100 33
-0.01 0.5 1e-05 100 34
-0.01 0.5 1e-05 100 35
-0.01 0.5 1e-05 100 36
-0.01 0.5 1e-05 100 37
-0.01 0.5 1e-05 100 38
-0.01 0.5 1e-05 100 39
-0.01 0.5 1e-05 100 40
-0.01 0.5 1e-05 100 41
-0.01 0.5 1e-05 100 42
-0.01 0.5 1e-05 100 43
-0.01 0.5 1e-05 100 44
-0.01 0.5 1e-05 100 45
-0.01 0.5 1e-05 100 46
-0.01 0.5 1e-05 100 47
-0.01 0.5 1e-05 100 48
-0.01 0.5 1e-05 100 49
-0.01 0.5 1e-05 100 50
-0.01 0.5 1e-05 100 51
-0.01 0.5 1e-05 100 52
-0.01 0.5 1e-05 100 53
-0.01 0.5 1e-05 100 54
-0.01 0.5 1e-05 100 55
-0.01 0.5 1e-05 100 56
-0.01 0.5 1e-05 100 57
-0.01 0.5 1e-05 100 58
-0.01 0.5 1e-05 100 59
-0.01 0.5 1e-05 100 60
-0.01 0.5 1e-05 100 61
-0.01 0.5 1e-05 100 62
-0.01 0.5 1e-05 100 63
-0.01 0.5 1e-05 100 64
-0.01 0.5 1e-05 100 65
-0.01 0.5 1e-05 100 66
-0.01 0.5 1e-05 100 67
-0.01 0.5 1e-05 100 68
-0.01 0.5 1e-05 100 69
-0.01 0.5 1e-05 100 70
-0.01 0.5 1e-05 100 71
-0.01 0.5 1e-05 100 72
-0.01 0.5 1e-05 100 73
-0.01 0.5 1e-05 100 74
-0.01 0.5 1e-05 100 75
-0.01 0.5 1e-05 100 76
-0.01 0.5 1e-05 100 77
-0.01 0.5 1e-05 100 78
-0.01 0.5 1e-05 100 79
-0.01 0.5 1e-05 100 80
-0.01 0.5 1e-05 100 81
-0.01 0.5 1e-05 100 82
-0.01 0.5 1e-05 100 83
-0.01 0.5 1e-05 100 84
-0.01 0.5 1e-05 100 85
-0.01 0.5 1e-05 100 86
-0.01 0.5 1e-05 100 87
-0.01 0.5 1e-05 100 88
-0.01 0.5 1e-05 100 89
-0.01 0.5 1e-05 100 90
-0.01 0.5 1e-05 100 91
-0.01 0.5 1e-05 100 92
-0.01 0.5 1e-05 100 93
-0.01 0.5 1e-05 100 94
-0.01 0.5 1e-05 100 95
-0.01 0.5 1e-05 100 96
-0.01 0.5 1e-05 100 97
-0.01 0.5 1e-05 100 98
-0.01 0.5 1e-05 100 99
-0.01 0.5 1e-05 100 100
-0.01 0.5 1e-04 100 1
-0.01 0.5 1e-04 100 2
-0.01 0.5 1e-04 100 3
-0.01 0.5 1e-04 100 4
-0.01 0.5 1e-04 100 5
-0.01 0.5 1e-04 100 6
-0.01 0.5 1e-04 100 7
-0.01 0.5 1e-04 100 8
-0.01 0.5 1e-04 100 9
-0.01 0.5 1e-04 100 10
-0.01 0.5 1e-04 100 11
-0.01 0.5 1e-04 100 12
-0.01 0.5 1e-04 100 13
-0.01 0.5 1e-04 100 14
-0.01 0.5 1e-04 100 15
-0.01 0.5 1e-04 100 16
-0.01 0.5 1e-04 100 17
-0.01 0.5 1e-04 100 18
-0.01 0.5 1e-04 100 19
-0.01 0.5 1e-04 100 20
-0.01 0.5 1e-04 100 21
-0.01 0.5 1e-04 100 22
-0.01 0.5 1e-04 100 23
-0.01 0.5 1e-04 100 24
-0.01 0.5 1e-04 100 25
-0.01 0.5 1e-04 100 26
-0.01 0.5 1e-04 100 27
-0.01 0.5 1e-04 100 28
-0.01 0.5 1e-04 100 29
-0.01 0.5 1e-04 100 30
-0.01 0.5 1e-04 100 31
-0.01 0.5 1e-04 100 32
-0.01 0.5 1e-04 100 33
-0.01 0.5 1e-04 100 34
-0.01 0.5 1e-04 100 35
-0.01 0.5 1e-04 100 36
-0.01 0.5 1e-04 100 37
-0.01 0.5 1e-04 100 38
-0.01 0.5 1e-04 100 39
-0.01 0.5 1e-04 100 40
-0.01 0.5 1e-04 100 41
-0.01 0.5 1e-04 100 42
-0.01 0.5 1e-04 100 43
-0.01 0.5 1e-04 100 44
-0.01 0.5 1e-04 100 45
-0.01 0.5 1e-04 100 46
-0.01 0.5 1e-04 100 47
-0.01 0.5 1e-04 100 48
-0.01 0.5 1e-04 100 49
-0.01 0.5 1e-04 100 50
-0.01 0.5 1e-04 100 51
-0.01 0.5 1e-04 100 52
-0.01 0.5 1e-04 100 53
-0.01 0.5 1e-04 100 54
-0.01 0.5 1e-04 100 55
-0.01 0.5 1e-04 100 56
-0.01 0.5 1e-04 100 57
-0.01 0.5 1e-04 100 58
-0.01 0.5 1e-04 100 59
-0.01 0.5 1e-04 100 60
-0.01 0.5 1e-04 100 61
-0.01 0.5 1e-04 100 62
-0.01 0.5 1e-04 100 63
-0.01 0.5 1e-04 100 64
-0.01 0.5 1e-04 100 65
-0.01 0.5 1e-04 100 66
-0.01 0.5 1e-04 100 67
-0.01 0.5 1e-04 100 68
-0.01 0.5 1e-04 100 69
-0.01 0.5 1e-04 100 70
-0.01 0.5 1e-04 100 71
-0.01 0.5 1e-04 100 72
-0.01 0.5 1e-04 100 73
-0.01 0.5 1e-04 100 74
-0.01 0.5 1e-04 100 75
-0.01 0.5 1e-04 100 76
-0.01 0.5 1e-04 100 77
-0.01 0.5 1e-04 100 78
-0.01 0.5 1e-04 100 79
-0.01 0.5 1e-04 100 80
-0.01 0.5 1e-04 100 81
-0.01 0.5 1e-04 100 82
-0.01 0.5 1e-04 100 83
-0.01 0.5 1e-04 100 84
-0.01 0.5 1e-04 100 85
-0.01 0.5 1e-04 100 86
-0.01 0.5 1e-04 100 87
-0.01 0.5 1e-04 100 88
-0.01 0.5 1e-04 100 89
-0.01 0.5 1e-04 100 90
-0.01 0.5 1e-04 100 91
-0.01 0.5 1e-04 100 92
-0.01 0.5 1e-04 100 93
-0.01 0.5 1e-04 100 94
-0.01 0.5 1e-04 100 95
-0.01 0.5 1e-04 100 96
-0.01 0.5 1e-04 100 97
-0.01 0.5 1e-04 100 98
-0.01 0.5 1e-04 100 99
-0.01 0.5 1e-04 100 100
