-0.01 0.2 1e-10 100 1
-0.01 0.2 1e-10 100 2
-0.01 0.2 1e-10 100 3
-0.01 0.2 1e-10 100 4
-0.01 0.2 1e-10 100 5
-0.01 0.2 1e-08 100 1
-0.01 0.2 1e-08 100 2
-0.01 0.2 1e-08 100 3
-0.01 0.2 1e-08 100 4
-0.01 0.2 1e-08 100 5
-0.01 0.2 1e-06 100 1
-0.01 0.2 1e-06 100 2
-0.01 0.2 1e-06 100 3
-0.01 0.2 1e-06 100 4
-0.01 0.2 1e-06 100 5
-0.01 0.2 1e-04 100 1
-0.01 0.2 1e-04 100 2
-0.01 0.2 1e-04 100 3
-0.01 0.2 1e-04 100 4
-0.01 0.2 1e-04 100 5
-0.01 0.5 1e-10 100 1
-0.01 0.5 1e-10 100 2
-0.01 0.5 1e-10 100 3
-0.01 0.5 1e-10 100 4
-0.01 0.5 1e-10 100 5
-0.01 0.5 1e-08 100 1
-0.01 0.5 1e-08 100 2
-0.01 0.5 1e-08 100 3
-0.01 0.5 1e-08 100 4
-0.01 0.5 1e-08 100 5
-0.01 0.5 1e-06 100 1
-0.01 0.5 1e-06 100 2
-0.01 0.5 1e-06 100 3
-0.01 0.5 1e-06 100 4
-0.01 0.5 1e-06 100 5
-0.01 0.5 1e-04 100 1
-0.01 0.5 1e-04 100 2
-0.01 0.5 1e-04 100 3
-0.01 0.5 1e-04 100 4
-0.01 0.5 1e-04 100 5
