-0.01 0.2 1e-13 100 1
-0.01 0.2 1e-13 100 2
-0.01 0.2 1e-13 100 3
-0.01 0.2 1e-13 100 4
-0.01 0.2 1e-13 100 5
-0.01 0.2 1e-13 100 6
-0.01 0.2 1e-13 100 7
-0.01 0.2 1e-13 100 8
-0.01 0.2 1e-13 100 9
-0.01 0.2 1e-13 100 10
-0.01 0.2 1e-13 100 11
-0.01 0.2 1e-13 100 12
-0.01 0.2 1e-13 100 13
-0.01 0.2 1e-13 100 14
-0.01 0.2 1e-13 100 15
-0.01 0.2 1e-13 100 16
-0.01 0.2 1e-13 100 17
-0.01 0.2 1e-13 100 18
-0.01 0.2 1e-13 100 19
-0.01 0.2 1e-13 100 20
-0.01 0.2 1e-13 100 21
-0.01 0.2 1e-13 100 22
-0.01 0.2 1e-13 100 23
-0.01 0.2 1e-13 100 24
-0.01 0.2 1e-13 100 25
-0.01 0.2 1e-13 100 26
-0.01 0.2 1e-13 100 27
-0.01 0.2 1e-13 100 28
-0.01 0.2 1e-13 100 29
-0.01 0.2 1e-13 100 30
-0.01 0.2 1e-13 100 31
-0.01 0.2 1e-13 100 32
-0.01 0.2 1e-13 100 33
-0.01 0.2 1e-13 100 34
-0.01 0.2 1e-13 100 35
-0.01 0.2 1e-13 100 36
-0.01 0.2 1e-13 100 37
-0.01 0.2 1e-13 100 38
-0.01 0.2 1e-13 100 39
-0.01 0.2 1e-13 100 40
-0.01 0.2 1e-13 100 41
-0.01 0.2 1e-13 100 42
-0.01 0.2 1e-13 100 43
-0.01 0.2 1e-13 100 44
-0.01 0.2 1e-13 100 45
-0.01 0.2 1e-13 100 46
-0.01 0.2 1e-13 100 47
-0.01 0.2 1e-13 100 48
-0.01 0.2 1e-13 100 49
-0.01 0.2 1e-13 100 50
-0.01 0.2 1e-13 100 51
-0.01 0.2 1e-13 100 52
-0.01 0.2 1e-13 100 53
-0.01 0.2 1e-13 100 54
-0.01 0.2 1e-13 100 55
-0.01 0.2 1e-13 100 56
-0.01 0.2 1e-13 100 57
-0.01 0.2 1e-13 100 58
-0.01 0.2 1e-13 100 59
-0.01 0.2 1e-13 100 60
-0.01 0.2 1e-13 100 61
-0.01 0.2 1e-13 100 62
-0.01 0.2 1e-13 100 63
-0.01 0.2 1e-13 100 64
-0.01 0.2 1e-13 100 65
-0.01 0.2 1e-13 100 66
-0.01 0.2 1e-13 100 67
-0.01 0.2 1e-13 100 68
-0.01 0.2 1e-13 100 69
-0.01 0.2 1e-13 100 70
-0.01 0.2 1e-13 100 71
-0.01 0.2 1e-13 100 72
-0.01 0.2 1e-13 100 73
-0.01 0.2 1e-13 100 74
-0.01 0.2 1e-13 100 75
-0.01 0.2 1e-13 100 76
-0.01 0.2 1e-13 100 77
-0.01 0.2 1e-13 100 78
-0.01 0.2 1e-13 100 79
-0.01 0.2 1e-13 100 80
-0.01 0.2 1e-13 100 81
-0.01 0.2 1e-13 100 82
-0.01 0.2 1e-13 100 83
-0.01 0.2 1e-13 100 84
-0.01 0.2 1e-13 100 85
-0.01 0.2 1e-13 100 86
-0.01 0.2 1e-13 100 87
-0.01 0.2 1e-13 100 88
-0.01 0.2 1e-13 100 89
-0.01 0.2 1e-13 100 90
-0.01 0.2 1e-13 100 91
-0.01 0.2 1e-13 100 92
-0.01 0.2 1e-13 100 93
-0.01 0.2 1e-13 100 94
-0.01 0.2 1e-13 100 95
-0.01 0.2 1e-13 100 96
-0.01 0.2 1e-13 100 97
-0.01 0.2 1e-13 100 98
-0.01 0.2 1e-13 100 99
-0.01 0.2 1e-13 100 100
-0.01 0.2 1e-12 100 1
-0.01 0.2 1e-12 100 2
-0.01 0.2 1e-12 100 3
-0.01 0.2 1e-12 100 4
-0.01 0.2 1e-12 100 5
-0.01 0.2 1e-12 100 6
-0.01 0.2 1e-12 100 7
-0.01 0.2 1e-12 100 8
-0.01 0.2 1e-12 100 9
-0.01 0.2 1e-12 100 10
-0.01 0.2 1e-12 100 11
-0.01 0.2 1e-12 100 12
-0.01 0.2 1e-12 100 13
-0.01 0.2 1e-12 100 14
-0.01 0.2 1e-12 100 15
-0.01 0.2 1e-12 100 16
-0.01 0.2 1e-12 100 17
-0.01 0.2 1e-12 100 18
-0.01 0.2 1e-12 100 19
-0.01 0.2 1e-12 100 20
-0.01 0.2 1e-12 100 21
-0.01 0.2 1e-12 100 22
-0.01 0.2 1e-12 100 23
-0.01 0.2 1e-12 100 24
-0.01 0.2 1e-12 100 25
-0.01 0.2 1e-12 100 26
-0.01 0.2 1e-12 100 27
-0.01 0.2 1e-12 100 28
-0.01 0.2 1e-12 100 29
-0.01 0.2 1e-12 100 30
-0.01 0.2 1e-12 100 31
-0.01 0.2 1e-12 100 32
-0.01 0.2 1e-12 100 33
-0.01 0.2 1e-12 100 34
-0.01 0.2 1e-12 100 35
-0.01 0.2 1e-12 100 36
-0.01 0.2 1e-12 100 37
-0.01 0.2 1e-12 100 38
-0.01 0.2 1e-12 100 39
-0.01 0.2 1e-12 100 40
-0.01 0.2 1e-12 100 41
-0.01 0.2 1e-12 100 42
-0.01 0.2 1e-12 100 43
-0.01 0.2 1e-12 100 44
-0.01 0.2 1e-12 100 45
-0.01 0.2 1e-12 100 46
-0.01 0.2 1e-12 100 47
-0.01 0.2 1e-12 100 48
-0.01 0.2 1e-12 100 49
-0.01 0.2 1e-12 100 50
-0.01 0.2 1e-12 100 51
-0.01 0.2 1e-12 100 52
-0.01 0.2 1e-12 100 53
-0.01 0.2 1e-12 100 54
-0.01 0.2 1e-12 100 55
-0.01 0.2 1e-12 100 56
-0.01 0.2 1e-12 100 57
-0.01 0.2 1e-12 100 58
-0.01 0.2 1e-12 100 59
-0.01 0.2 1e-12 100 60
-0.01 0.2 1e-12 100 61
-0.01 0.2 1e-12 100 62
-0.01 0.2 1e-12 100 63
-0.01 0.2 1e-12 100 64
-0.01 0.2 1e-12 100 65
-0.01 0.2 1e-12 100 66
-0.01 0.2 1e-12 100 67
-0.01 0.2 1e-12 100 68
-0.01 0.2 1e-12 100 69
-0.01 0.2 1e-12 100 70
-0.01 0.2 1e-12 100 71
-0.01 0.2 1e-12 100 72
-0.01 0.2 1e-12 100 73
-0.01 0.2 1e-12 100 74
-0.01 0.2 1e-12 100 75
-0.01 0.2 1e-12 100 76
-0.01 0.2 1e-12 100 77
-0.01 0.2 1e-12 100 78
-0.01 0.2 1e-12 100 79
-0.01 0.2 1e-12 100 80
-0.01 0.2 1e-12 100 81
-0.01 0.2 1e-12 100 82
-0.01 0.2 1e-12 100 83
-0.01 0.2 1e-12 100 84
-0.01 0.2 1e-12 100 85
-0.01 0.2 1e-12 100 86
-0.01 0.2 1e-12 100 87
-0.01 0.2 1e-12 100 88
-0.01 0.2 1e-12 100 89
-0.01 0.2 1e-12 100 90
-0.01 0.2 1e-12 100 91
-0.01 0.2 1e-12 100 92
-0.01 0.2 1e-12 100 93
-0.01 0.2 1e-12 100 94
-0.01 0.2 1e-12 100 95
-0.01 0.2 1e-12 100 96
-0.01 0.2 1e-12 100 97
-0.01 0.2 1e-12 100 98
-0.01 0.2 1e-12 100 99
-0.01 0.2 1e-12 100 100
-0.01 0.2 1e-11 100 1
-0.01 0.2 1e-11 100 2
-0.01 0.2 1e-11 100 3
-0.01 0.2 1e-11 100 4
-0.01 0.2 1e-11 100 5
-0.01 0.2 1e-11 100 6
-0.01 0.2 1e-11 100 7
-0.01 0.2 1e-11 100 8
-0.01 0.2 1e-11 100 9
-0.01 0.2 1e-11 100 10
-0.01 0.2 1e-11 100 11
-0.01 0.2 1e-11 100 12
-0.01 0.2 1e-11 100 13
-0.01 0.2 1e-11 100 14
-0.01 0.2 1e-11 100 15
-0.01 0.2 1e-11 100 16
-0.01 0.2 1e-11 100 17
-0.01 0.2 1e-11 100 18
-0.01 0.2 1e-11 100 19
-0.01 0.2 1e-11 100 20
-0.01 0.2 1e-11 100 21
-0.01 0.2 1e-11 100 22
-0.01 0.2 1e-11 100 23
-0.01 0.2 1e-11 100 24
-0.01 0.2 1e-11 100 25
-0.01 0.2 1e-11 100 26
-0.01 0.2 1e-11 100 27
-0.01 0.2 1e-11 100 28
-0.01 0.2 1e-11 100 29
-0.01 0.2 1e-11 100 30
-0.01 0.2 1e-11 100 31
-0.01 0.2 1e-11 100 32
-0.01 0.2 1e-11 100 33
-0.01 0.2 1e-11 100 34
-0.01 0.2 1e-11 100 35
-0.01 0.2 1e-11 100 36
-0.01 0.2 1e-11 100 37
-0.01 0.2 1e-11 100 38
-0.01 0.2 1e-11 100 39
-0.01 0.2 1e-11 100 40
-0.01 0.2 1e-11 100 41
-0.01 0.2 1e-11 100 42
-0.01 0.2 1e-11 100 43
-0.01 0.2 1e-11 100 44
-0.01 0.2 1e-11 100 45
-0.01 0.2 1e-11 100 46
-0.01 0.2 1e-11 100 47
-0.01 0.2 1e-11 100 48
-0.01 0.2 1e-11 100 49
-0.01 0.2 1e-11 100 50
-0.01 0.2 1e-11 100 51
-0.01 0.2 1e-11 100 52
-0.01 0.2 1e-11 100 53
-0.01 0.2 1e-11 100 54
-0.01 0.2 1e-11 100 55
-0.01 0.2 1e-11 100 56
-0.01 0.2 1e-11 100 57
-0.01 0.2 1e-11 100 58
-0.01 0.2 1e-11 100 59
-0.01 0.2 1e-11 100 60
-0.01 0.2 1e-11 100 61
-0.01 0.2 1e-11 100 62
-0.01 0.2 1e-11 100 63
-0.01 0.2 1e-11 100 64
-0.01 0.2 1e-11 100 65
-0.01 0.2 1e-11 100 66
-0.01 0.2 1e-11 100 67
-0.01 0.2 1e-11 100 68
-0.01 0.2 1e-11 100 69
-0.01 0.2 1e-11 100 70
-0.01 0.2 1e-11 100 71
-0.01 0.2 1e-11 100 72
-0.01 0.2 1e-11 100 73
-0.01 0.2 1e-11 100 74
-0.01 0.2 1e-11 100 75
-0.01 0.2 1e-11 100 76
-0.01 0.2 1e-11 100 77
-0.01 0.2 1e-11 100 78
-0.01 0.2 1e-11 100 79
-0.01 0.2 1e-11 100 80
-0.01 0.2 1e-11 100 81
-0.01 0.2 1e-11 100 82
-0.01 0.2 1e-11 100 83
-0.01 0.2 1e-11 100 84
-0.01 0.2 1e-11 100 85
-0.01 0.2 1e-11 100 86
-0.01 0.2 1e-11 100 87
-0.01 0.2 1e-11 100 88
-0.01 0.2 1e-11 100 89
-0.01 0.2 1e-11 100 90
-0.01 0.2 1e-11 100 91
-0.01 0.2 1e-11 100 92
-0.01 0.2 1e-11 100 93
-0.01 0.2 1e-11 100 94
-0.01 0.2 1e-11 100 95
-0.01 0.2 1e-11 100 96
-0.01 0.2 1e-11 100 97
-0.01 0.2 1e-11 100 98
-0.01 0.2 1e-11 100 99
-0.01 0.2 1e-11 100 100
-0.01 0.5 1e-13 100 1
-0.01 0.5 1e-13 100 2
-0.01 0.5 1e-13 100 3
-0.01 0.5 1e-13 100 4
-0.01 0.5 1e-13 100 5
-0.01 0.5 1e-13 100 6
-0.01 0.5 1e-13 100 7
-0.01 0.5 1e-13 100 8
-0.01 0.5 1e-13 100 9
-0.01 0.5 1e-13 100 10
-0.01 0.5 1e-13 100 11
-0.01 0.5 1e-13 100 12
-0.01 0.5 1e-13 100 13
-0.01 0.5 1e-13 100 14
-0.01 0.5 1e-13 100 15
-0.01 0.5 1e-13 100 16
-0.01 0.5 1e-13 100 17
-0.01 0.5 1e-13 100 18
-0.01 0.5 1e-13 100 19
-0.01 0.5 1e-13 100 20
-0.01 0.5 1e-13 100 21
-0.01 0.5 1e-13 100 22
-0.01 0.5 1e-13 100 23
-0.01 0.5 1e-13 100 24
-0.01 0.5 1e-13 100 25
-0.01 0.5 1e-13 100 26
-0.01 0.5 1e-13 100 27
-0.01 0.5 1e-13 100 28
-0.01 0.5 1e-13 100 29
-0.01 0.5 1e-13 100 30
-0.01 0.5 1e-13 100 31
-0.01 0.5 1e-13 100 32
-0.01 0.5 1e-13 100 33
-0.01 0.5 1e-13 100 34
-0.01 0.5 1e-13 100 35
-0.01 0.5 1e-13 100 36
-0.01 0.5 1e-13 100 37
-0.01 0.5 1e-13 100 38
-0.01 0.5 1e-13 100 39
-0.01 0.5 1e-13 100 40
-0.01 0.5 1e-13 100 41
-0.01 0.5 1e-13 100 42
-0.01 0.5 1e-13 100 43
-0.01 0.5 1e-13 100 44
-0.01 0.5 1e-13 100 45
-0.01 0.5 1e-13 100 46
-0.01 0.5 1e-13 100 47
-0.01 0.5 1e-13 100 48
-0.01 0.5 1e-13 100 49
-0.01 0.5 1e-13 100 50
-0.01 0.5 1e-13 100 51
-0.01 0.5 1e-13 100 52
-0.01 0.5 1e-13 100 53
-0.01 0.5 1e-13 100 54
-0.01 0.5 1e-13 100 55
-0.01 0.5 1e-13 100 56
-0.01 0.5 1e-13 100 57
-0.01 0.5 1e-13 100 58
-0.01 0.5 1e-13 100 59
-0.01 0.5 1e-13 100 60
-0.01 0.5 1e-13 100 61
-0.01 0.5 1e-13 100 62
-0.01 0.5 1e-13 100 63
-0.01 0.5 1e-13 100 64
-0.01 0.5 1e-13 100 65
-0.01 0.5 1e-13 100 66
-0.01 0.5 1e-13 100 67
-0.01 0.5 1e-13 100 68
-0.01 0.5 1e-13 100 69
-0.01 0.5 1e-13 100 70
-0.01 0.5 1e-13 100 71
-0.01 0.5 1e-13 100 72
-0.01 0.5 1e-13 100 73
-0.01 0.5 1e-13 100 74
-0.01 0.5 1e-13 100 75
-0.01 0.5 1e-13 100 76
-0.01 0.5 1e-13 100 77
-0.01 0.5 1e-13 100 78
-0.01 0.5 1e-13 100 79
-0.01 0.5 1e-13 100 80
-0.01 0.5 1e-13 100 81
-0.01 0.5 1e-13 100 82
-0.01 0.5 1e-13 100 83
-0.01 0.5 1e-13 100 84
-0.01 0.5 1e-13 100 85
-0.01 0.5 1e-13 100 86
-0.01 0.5 1e-13 100 87
-0.01 0.5 1e-13 100 88
-0.01 0.5 1e-13 100 89
-0.01 0.5 1e-13 100 90
-0.01 0.5 1e-13 100 91
-0.01 0.5 1e-13 100 92
-0.01 0.5 1e-13 100 93
-0.01 0.5 1e-13 100 94
-0.01 0.5 1e-13 100 95
-0.01 0.5 1e-13 100 96
-0.01 0.5 1e-13 100 97
-0.01 0.5 1e-13 100 98
-0.01 0.5 1e-13 100 99
-0.01 0.5 1e-13 100 100
-0.01 0.5 1e-12 100 1
-0.01 0.5 1e-12 100 2
-0.01 0.5 1e-12 100 3
-0.01 0.5 1e-12 100 4
-0.01 0.5 1e-12 100 5
-0.01 0.5 1e-12 100 6
-0.01 0.5 1e-12 100 7
-0.01 0.5 1e-12 100 8
-0.01 0.5 1e-12 100 9
-0.01 0.5 1e-12 100 10
-0.01 0.5 1e-12 100 11
-0.01 0.5 1e-12 100 12
-0.01 0.5 1e-12 100 13
-0.01 0.5 1e-12 100 14
-0.01 0.5 1e-12 100 15
-0.01 0.5 1e-12 100 16
-0.01 0.5 1e-12 100 17
-0.01 0.5 1e-12 100 18
-0.01 0.5 1e-12 100 19
-0.01 0.5 1e-12 100 20
-0.01 0.5 1e-12 100 21
-0.01 0.5 1e-12 100 22
-0.01 0.5 1e-12 100 23
-0.01 0.5 1e-12 100 24
-0.01 0.5 1e-12 100 25
-0.01 0.5 1e-12 100 26
-0.01 0.5 1e-12 100 27
-0.01 0.5 1e-12 100 28
-0.01 0.5 1e-12 100 29
-0.01 0.5 1e-12 100 30
-0.01 0.5 1e-12 100 31
-0.01 0.5 1e-12 100 32
-0.01 0.5 1e-12 100 33
-0.01 0.5 1e-12 100 34
-0.01 0.5 1e-12 100 35
-0.01 0.5 1e-12 100 36
-0.01 0.5 1e-12 100 37
-0.01 0.5 1e-12 100 38
-0.01 0.5 1e-12 100 39
-0.01 0.5 1e-12 100 40
-0.01 0.5 1e-12 100 41
-0.01 0.5 1e-12 100 42
-0.01 0.5 1e-12 100 43
-0.01 0.5 1e-12 100 44
-0.01 0.5 1e-12 100 45
-0.01 0.5 1e-12 100 46
-0.01 0.5 1e-12 100 47
-0.01 0.5 1e-12 100 48
-0.01 0.5 1e-12 100 49
-0.01 0.5 1e-12 100 50
-0.01 0.5 1e-12 100 51
-0.01 0.5 1e-12 100 52
-0.01 0.5 1e-12 100 53
-0.01 0.5 1e-12 100 54
-0.01 0.5 1e-12 100 55
-0.01 0.5 1e-12 100 56
-0.01 0.5 1e-12 100 57
-0.01 0.5 1e-12 100 58
-0.01 0.5 1e-12 100 59
-0.01 0.5 1e-12 100 60
-0.01 0.5 1e-12 100 61
-0.01 0.5 1e-12 100 62
-0.01 0.5 1e-12 100 63
-0.01 0.5 1e-12 100 64
-0.01 0.5 1e-12 100 65
-0.01 0.5 1e-12 100 66
-0.01 0.5 1e-12 100 67
-0.01 0.5 1e-12 100 68
-0.01 0.5 1e-12 100 69
-0.01 0.5 1e-12 100 70
-0.01 0.5 1e-12 100 71
-0.01 0.5 1e-12 100 72
-0.01 0.5 1e-12 100 73
-0.01 0.5 1e-12 100 74
-0.01 0.5 1e-12 100 75
-0.01 0.5 1e-12 100 76
-0.01 0.5 1e-12 100 77
-0.01 0.5 1e-12 100 78
-0.01 0.5 1e-12 100 79
-0.01 0.5 1e-12 100 80
-0.01 0.5 1e-12 100 81
-0.01 0.5 1e-12 100 82
-0.01 0.5 1e-12 100 83
-0.01 0.5 1e-12 100 84
-0.01 0.5 1e-12 100 85
-0.01 0.5 1e-12 100 86
-0.01 0.5 1e-12 100 87
-0.01 0.5 1e-12 100 88
-0.01 0.5 1e-12 100 89
-0.01 0.5 1e-12 100 90
-0.01 0.5 1e-12 100 91
-0.01 0.5 1e-12 100 92
-0.01 0.5 1e-12 100 93
-0.01 0.5 1e-12 100 94
-0.01 0.5 1e-12 100 95
-0.01 0.5 1e-12 100 96
-0.01 0.5 1e-12 100 97
-0.01 0.5 1e-12 100 98
-0.01 0.5 1e-12 100 99
-0.01 0.5 1e-12 100 100
-0.01 0.5 1e-11 100 1
-0.01 0.5 1e-11 100 2
-0.01 0.5 1e-11 100 3
-0.01 0.5 1e-11 100 4
-0.01 0.5 1e-11 100 5
-0.01 0.5 1e-11 100 6
-0.01 0.5 1e-11 100 7
-0.01 0.5 1e-11 100 8
-0.01 0.5 1e-11 100 9
-0.01 0.5 1e-11 100 10
-0.01 0.5 1e-11 100 11
-0.01 0.5 1e-11 100 12
-0.01 0.5 1e-11 100 13
-0.01 0.5 1e-11 100 14
-0.01 0.5 1e-11 100 15
-0.01 0.5 1e-11 100 16
-0.01 0.5 1e-11 100 17
-0.01 0.5 1e-11 100 18
-0.01 0.5 1e-11 100 19
-0.01 0.5 1e-11 100 20
-0.01 0.5 1e-11 100 21
-0.01 0.5 1e-11 100 22
-0.01 0.5 1e-11 100 23
-0.01 0.5 1e-11 100 24
-0.01 0.5 1e-11 100 25
-0.01 0.5 1e-11 100 26
-0.01 0.5 1e-11 100 27
-0.01 0.5 1e-11 100 28
-0.01 0.5 1e-11 100 29
-0.01 0.5 1e-11 100 30
-0.01 0.5 1e-11 100 31
-0.01 0.5 1e-11 100 32
-0.01 0.5 1e-11 100 33
-0.01 0.5 1e-11 100 34
-0.01 0.5 1e-11 100 35
-0.01 0.5 1e-11 100 36
-0.01 0.5 1e-11 100 37
-0.01 0.5 1e-11 100 38
-0.01 0.5 1e-11 100 39
-0.01 0.5 1e-11 100 40
-0.01 0.5 1e-11 100 41
-0.01 0.5 1e-11 100 42
-0.01 0.5 1e-11 100 43
-0.01 0.5 1e-11 100 44
-0.01 0.5 1e-11 100 45
-0.01 0.5 1e-11 100 46
-0.01 0.5 1e-11 100 47
-0.01 0.5 1e-11 100 48
-0.01 0.5 1e-11 100 49
-0.01 0.5 1e-11 100 50
-0.01 0.5 1e-11 100 51
-0.01 0.5 1e-11 100 52
-0.01 0.5 1e-11 100 53
-0.01 0.5 1e-11 100 54
-0.01 0.5 1e-11 100 55
-0.01 0.5 1e-11 100 56
-0.01 0.5 1e-11 100 57
-0.01 0.5 1e-11 100 58
-0.01 0.5 1e-11 100 59
-0.01 0.5 1e-11 100 60
-0.01 0.5 1e-11 100 61
-0.01 0.5 1e-11 100 62
-0.01 0.5 1e-11 100 63
-0.01 0.5 1e-11 100 64
-0.01 0.5 1e-11 100 65
-0.01 0.5 1e-11 100 66
-0.01 0.5 1e-11 100 67
-0.01 0.5 1e-11 100 68
-0.01 0.5 1e-11 100 69
-0.01 0.5 1e-11 100 70
-0.01 0.5 1e-11 100 71
-0.01 0.5 1e-11 100 72
-0.01 0.5 1e-11 100 73
-0.01 0.5 1e-11 100 74
-0.01 0.5 1e-11 100 75
-0.01 0.5 1e-11 100 76
-0.01 0.5 1e-11 100 77
-0.01 0.5 1e-11 100 78
-0.01 0.5 1e-11 100 79
-0.01 0.5 1e-11 100 80
-0.01 0.5 1e-11 100 81
-0.01 0.5 1e-11 100 82
-0.01 0.5 1e-11 100 83
-0.01 0.5 1e-11 100 84
-0.01 0.5 1e-11 100 85
-0.01 0.5 1e-11 100 86
-0.01 0.5 1e-11 100 87
-0.01 0.5 1e-11 100 88
-0.01 0.5 1e-11 100 89
-0.01 0.5 1e-11 100 90
-0.01 0.5 1e-11 100 91
-0.01 0.5 1e-11 100 92
-0.01 0.5 1e-11 100 93
-0.01 0.5 1e-11 100 94
-0.01 0.5 1e-11 100 95
-0.01 0.5 1e-11 100 96
-0.01 0.5 1e-11 100 97
-0.01 0.5 1e-11 100 98
-0.01 0.5 1e-11 100 99
-0.01 0.5 1e-11 100 100
