-0.01 0.2 0.95 1
-0.01 0.2 0.95 2
-0.01 0.2 0.95 3
-0.01 0.2 0.95 4
-0.01 0.2 0.95 5
-0.01 0.2 0.95 6
-0.01 0.2 0.95 7
-0.01 0.2 0.95 8
-0.01 0.2 0.95 9
-0.01 0.2 0.95 10
-0.01 0.2 0.95 11
-0.01 0.2 0.95 12
-0.01 0.2 0.95 13
-0.01 0.2 0.95 14
-0.01 0.2 0.95 15
-0.01 0.2 0.95 16
-0.01 0.2 0.95 17
-0.01 0.2 0.95 18
-0.01 0.2 0.95 19
-0.01 0.2 0.95 20
-0.01 0.2 0.99 1
-0.01 0.2 0.99 2
-0.01 0.2 0.99 3
-0.01 0.2 0.99 4
-0.01 0.2 0.99 5
-0.01 0.2 0.99 6
-0.01 0.2 0.99 7
-0.01 0.2 0.99 8
-0.01 0.2 0.99 9
-0.01 0.2 0.99 10
-0.01 0.2 0.99 11
-0.01 0.2 0.99 12
-0.01 0.2 0.99 13
-0.01 0.2 0.99 14
-0.01 0.2 0.99 15
-0.01 0.2 0.99 16
-0.01 0.2 0.99 17
-0.01 0.2 0.99 18
-0.01 0.2 0.99 19
-0.01 0.2 0.99 20
-0.01 0.2 1 1
-0.01 0.2 1 2
-0.01 0.2 1 3
-0.01 0.2 1 4
-0.01 0.2 1 5
-0.01 0.2 1 6
-0.01 0.2 1 7
-0.01 0.2 1 8
-0.01 0.2 1 9
-0.01 0.2 1 10
-0.01 0.2 1 11
-0.01 0.2 1 12
-0.01 0.2 1 13
-0.01 0.2 1 14
-0.01 0.2 1 15
-0.01 0.2 1 16
-0.01 0.2 1 17
-0.01 0.2 1 18
-0.01 0.2 1 19
-0.01 0.2 1 20
